    0.000000        0.000000    
   4.9999999E-03   2.4998686E-05
   9.9999998E-03   9.9978999E-05
   1.5000000E-02   2.2489368E-04
   2.0000000E-02   3.9966399E-04
   2.4999999E-02   6.2417961E-04
   2.9999997E-02   8.9829887E-04
   3.4999996E-02   1.2218484E-03
   3.9999995E-02   1.5946237E-03
   4.4999994E-02   2.0163883E-03
   4.9999993E-02   2.4868743E-03
   5.4999992E-02   3.0057828E-03
   5.9999991E-02   3.5727830E-03
   6.4999990E-02   4.1875127E-03
   6.9999993E-02   4.8495783E-03
   7.4999996E-02   5.5585541E-03
   7.9999998E-02   6.3139838E-03
   8.5000001E-02   7.1153790E-03
   9.0000004E-02   7.9622194E-03
   9.5000006E-02   8.8539543E-03
   0.1000000       9.7900014E-03
   0.1050000       1.0769746E-02
   0.1100000       1.1792541E-02
   0.1150000       1.2857713E-02
   0.1200000       1.3964548E-02
   0.1250000       1.5112308E-02
   0.1300000       1.6300222E-02
   0.1350000       1.7527485E-02
   0.1400000       1.8793264E-02
   0.1450000       2.0096691E-02
   0.1500000       2.1436872E-02
   0.1550000       2.2812875E-02
   0.1600000       2.4223739E-02
   0.1650000       2.5668472E-02
   0.1700000       2.7146051E-02
   0.1750000       2.8655421E-02
   0.1800000       3.0195491E-02
   0.1850000       3.1765148E-02
   0.1900000       3.3363242E-02
   0.1949999       3.4988593E-02
   0.1999999       3.6639981E-02
   0.2049999       3.8316168E-02
   0.2099999       4.0015876E-02
   0.2149999       4.1737799E-02
   0.2199999       4.3480597E-02
   0.2249999       4.5242902E-02
   0.2299999       4.7023308E-02
   0.2349999       4.8820388E-02
   0.2399999       5.0632671E-02
   0.2449999       5.2458663E-02
   0.2499999       5.4296836E-02
   0.2549999       5.6145638E-02
   0.2599999       5.8003470E-02
   0.2649999       5.9868708E-02
   0.2699999       6.1739702E-02
   0.2749999       6.3614763E-02
   0.2799999       6.5492183E-02
   0.2849999       6.7370206E-02
   0.2899999       6.9247052E-02
   0.2949999       7.1120910E-02
   0.2999999       7.2989948E-02
   0.3049999       7.4852280E-02
   0.3099999       7.6706000E-02
   0.3149998       7.8549184E-02
   0.3199998       8.0379844E-02
   0.3249998       8.2195997E-02
   0.3299998       8.3995603E-02
   0.3349998       8.5776590E-02
   0.3399998       8.7536879E-02
   0.3449998       8.9274339E-02
   0.3499998       9.0986811E-02
   0.3549998       9.2672110E-02
   0.3599998       9.4328001E-02
   0.3649998       9.5952250E-02
   0.3699998       9.7542554E-02
   0.3749998       9.9096619E-02
   0.3799998       0.1006121    
   0.3849998       0.1020866    
   0.3899998       0.1035177    
   0.3949998       0.1049030    
   0.3999998       0.1062399    
   0.4049998       0.1075261    
   0.4099998       0.1087590    
   0.4149998       0.1099359    
   0.4199997       0.1110543    
   0.4249997       0.1121116    
   0.4299997       0.1131051    
   0.4349997       0.1140321    
   0.4399997       0.1148899    
   0.4449997       0.1156758    
   0.4499997       0.1163868    
   0.4549997       0.1170203    
   0.4599997       0.1175734    
   0.4649997       0.1180431    
   0.4699997       0.1184267    
   0.4749997       0.1187210    
   0.4799997       0.1189233    
   0.4849997       0.1190303    
   0.4899997       0.1190392    
   0.4949997       0.1189468    
   0.4999997       0.1187500    
   0.5049997       0.1184457    
   0.5099997       0.1180308    
   0.5149997       0.1175020    
   0.5199997       0.1168561    
   0.5249997       0.1160899    
   0.5299997       0.1152000    
   0.5349997       0.1141831    
   0.5399997       0.1130359    
   0.5449997       0.1117550    
   0.5499997       0.1103370    
   0.5549996       0.1087784    
   0.5599996       0.1070757    
   0.5649996       0.1052255    
   0.5699996       0.1032241    
   0.5749996       0.1010681    
   0.5799996       9.8753765E-02
   0.5849996       9.6277490E-02
   0.5899996       9.3635626E-02
   0.5949996       9.0824455E-02
   0.5999996       8.7840237E-02
   0.6049996       8.4679224E-02
   0.6099996       8.1337608E-02
   0.6149996       7.7811584E-02
   0.6199996       7.4097268E-02
   0.6249996       7.0190758E-02
   0.6299996       6.6088177E-02
   0.6349996       6.1785527E-02
   0.6399996       5.7278857E-02
   0.6449996       5.2564133E-02
   0.6499996       4.7637325E-02
   0.6549996       4.2494312E-02
   0.6599995       3.7131026E-02
   0.6649995       3.1543333E-02
   0.6699995       2.5727000E-02
   0.6749995       1.9677879E-02
   0.6799995       1.3391703E-02
   0.6849995       6.8642064E-03
   0.6899995       9.1116643E-05
   0.6949995      -6.9319261E-03
   0.6999995      -1.4209284E-02
   0.7049995      -2.1745322E-02
   0.7099995      -2.9544529E-02
   0.7149995      -3.7611265E-02
   0.7199995      -4.5950148E-02
   0.7249995      -5.4565571E-02
   0.7299995      -6.3462146E-02
   0.7349995      -7.2644457E-02
   0.7399995      -8.2117051E-02
   0.7449995      -9.1884717E-02
   0.7499995      -0.1019521    
   0.7549995      -0.1123237    
   0.7599995      -0.1230045    
   0.7649994      -0.1339992    
   0.7699994      -0.1453126    
   0.7749994      -0.1569495    
   0.7799994      -0.1689148    
   0.7849994      -0.1812134    
   0.7899994      -0.1938502    
   0.7949994      -0.2068302    
   0.7999994      -0.2201585    
