    0.000000        0.000000    
    2.000000       5.2749400E-04
    4.000000       2.1087143E-03
    6.000000       4.7398265E-03
    8.000000       8.4144333E-03
    10.00000       1.3123536E-02
    12.00000       1.8855659E-02
    14.00000       2.5596982E-02
    16.00000       3.3331055E-02
    18.00000       4.2039104E-02
    20.00000       5.1700108E-02
    22.00000       6.2290616E-02
    24.00000       7.3785134E-02
    26.00000       8.6155839E-02
    28.00000       9.9373095E-02
    30.00000       0.1134051    
    32.00000       0.1282182    
    34.00000       0.1437772    
    36.00000       0.1600449    
    38.00000       0.1769828    
    40.00000       0.1945508    
    42.00000       0.2127075    
    44.00000       0.2314103    
    46.00000       0.2506154    
    48.00000       0.2702785    
    50.00000       0.2903539    
    52.00000       0.3107955    
    54.00000       0.3315565    
    56.00000       0.3525901    
    58.00000       0.3738486    
    60.00000       0.3952847    
    62.00000       0.4168508    
    64.00000       0.4384997    
    66.00000       0.4601843    
    68.00000       0.4818580    
    70.00000       0.5034750    
    72.00000       0.5249899    
    74.00000       0.5463583    
    76.00000       0.5675370    
    78.00000       0.5884838    
    80.00000       0.6091575    
    82.00000       0.6295189    
    84.00000       0.6495300    
    86.00000       0.6691543    
    88.00000       0.6883575    
    90.00000       0.7071068    
    92.00000       0.7253716    
    94.00000       0.7431235    
    96.00000       0.7603360    
    98.00000       0.7769851    
    100.0000       0.7930493    
    102.0000       0.8085091    
    104.0000       0.8233479    
    106.0000       0.8375515    
    108.0000       0.8511084    
    110.0000       0.8640098    
    112.0000       0.8762493    
    114.0000       0.8878234    
    116.0000       0.8987313    
    118.0000       0.9089749    
    120.0000       0.9185587    
    122.0000       0.9274898    
    124.0000       0.9357778    
    126.0000       0.9434353    
    128.0000       0.9504768    
    130.0000       0.9569194    
    132.0000       0.9627822    
    134.0000       0.9680867    
    136.0000       0.9728562    
    138.0000       0.9771159    
    140.0000       0.9808924    
    142.0000       0.9842139    
    144.0000       0.9871097    
    146.0000       0.9896101    
    148.0000       0.9917459    
    150.0000       0.9935488    
    152.0000       0.9950503    
    154.0000       0.9962817    
    156.0000       0.9972742    
    158.0000       0.9980580    
    160.0000       0.9986627    
    162.0000       0.9991159    
    164.0000       0.9994444    
    166.0000       0.9996724    
    168.0000       0.9998222    
    170.0000       0.9999139    
    172.0000       0.9999646    
    174.0000       0.9999887    
    176.0000       0.9999977    
    178.0000       0.9999998    
    180.0000        1.000000    
