   0.000  1.118  1.539  1.118  0.363  0.000  0.363  1.118  1.539  1.118
   0.465  0.741  0.962  0.871  0.620  0.491  0.618  0.862  0.929  0.617
   0.343  0.630  0.750  0.756  0.693  0.653  0.681  0.719  0.648  0.394
   0.284  0.506  0.647  0.697  0.698  0.686  0.671  0.627  0.507  0.289
   0.235  0.434  0.571  0.648  0.675  0.670  0.636  0.560  0.427  0.234
   0.204  0.382  0.516  0.600  0.639  0.636  0.594  0.508  0.376  0.201
   0.181  0.343  0.470  0.555  0.597  0.595  0.551  0.465  0.338  0.178
   0.164  0.311  0.431  0.513  0.554  0.553  0.510  0.427  0.308  0.161
   0.149  0.285  0.395  0.473  0.513  0.512  0.471  0.393  0.282  0.147
   0.136  0.261  0.364  0.436  0.474  0.473  0.435  0.362  0.259  0.135
   0.125  0.240  0.335  0.402  0.437  0.437  0.401  0.334  0.239  0.125
