   0.000  1.118  1.539  1.118  0.363  0.000  0.363  1.118  1.539  1.118
   0.331  0.205  0.489  0.632  0.499  0.246  0.121  0.237  0.464  0.501
   0.086  0.140  0.143  0.226  0.271  0.228  0.142  0.096  0.120  0.146
   0.048  0.050  0.067  0.079  0.106  0.121  0.106  0.076  0.054  0.043
   0.018  0.023  0.027  0.034  0.041  0.051  0.055  0.050  0.037  0.023
   0.008  0.010  0.012  0.014  0.017  0.021  0.024  0.025  0.022  0.015
   0.003  0.004  0.005  0.006  0.007  0.009  0.010  0.011  0.011  0.008
   0.001  0.002  0.002  0.002  0.003  0.004  0.004  0.005  0.005  0.004
   0.001  0.001  0.001  0.001  0.001  0.002  0.002  0.002  0.002  0.002
   0.000  0.000  0.000  0.000  0.001  0.001  0.001  0.001  0.001  0.001
   0.000  0.000  0.000  0.000  0.000  0.000  0.000  0.000  0.000  0.000
