    0.000000E+00    8.333334E-02    0.000000E+00
    1.666667E-01    1.666667E-01    8.333332E-02
    3.333333E-01    1.666667E-01    0.000000E+00
    5.000000E-01    1.666667E-01   -1.666667E-01
    6.666667E-01    1.666667E-01   -3.333334E-01
    8.333333E-01    1.666666E-01   -7.083333E-01
    9.999999E-01   -4.166666E-02       -1.083333
    7.500000E-01   -2.500000E-01       -1.041667
    5.000000E-01   -2.500001E-01   -9.999999E-01
    2.499999E-01   -2.500000E-01    0.000000E+00
