    0.000000E+00    0.000000E+00    0.000000E+00
   -1.666667E-01   -3.333333E-01   -5.000001E-01
   -2.500000E-01   -6.666667E-01       -1.208333
   -5.000001E-01       -1.125000       -1.916667
       -1.041667       -1.750000       -2.125000
       -1.583333       -2.041667       -2.500000
       -1.708333       -2.333333       -1.791667
       -1.833333       -1.458333       -1.333333
   -7.916667E-01   -8.333333E-01   -6.666666E-01
    0.000000E+00    0.000000E+00    0.000000E+00
