    0.000000E+00    0.000000E+00    0.000000E+00
   -8.749999E-01       -1.250000       -1.000000
       -1.750000       -1.875000       -2.000000
       -2.208333       -2.500000       -1.625000
       -2.666667       -1.958333       -1.500000
       -1.875000       -1.666667       -1.166667
       -1.500000       -1.083333   -8.333334E-01
   -9.999999E-01   -6.666667E-01   -4.166667E-01
   -4.999999E-01   -3.333334E-01   -1.666667E-01
    0.000000E+00    0.000000E+00    0.000000E+00
