    0.000000E+00           0           0
    8.333334E-02           0           1
    0.000000E+00           0           2
    0.000000E+00           0           3
    0.000000E+00           0           4
    0.000000E+00           0           5
    0.000000E+00           0           6
    0.000000E+00           0           7
    0.000000E+00           0           8
    1.666667E-01           1           0
    1.666667E-01           1           1
    8.333332E-02           1           2
   -1.666667E-01           1           3
   -3.333333E-01           1           4
   -5.000001E-01           1           5
   -8.749999E-01           1           6
       -1.250000           1           7
       -1.000000           1           8
    3.333333E-01           2           0
    1.666667E-01           2           1
    0.000000E+00           2           2
   -2.500000E-01           2           3
   -6.666667E-01           2           4
       -1.208333           2           5
       -1.750000           2           6
       -1.875000           2           7
       -2.000000           2           8
    5.000000E-01           3           0
    1.666667E-01           3           1
   -1.666667E-01           3           2
   -5.000001E-01           3           3
       -1.125000           3           4
       -1.916667           3           5
       -2.208333           3           6
       -2.500000           3           7
       -1.625000           3           8
    6.666667E-01           4           0
    1.666667E-01           4           1
   -3.333334E-01           4           2
       -1.041667           4           3
       -1.750000           4           4
       -2.125000           4           5
       -2.666667           4           6
       -1.958333           4           7
       -1.500000           4           8
    8.333333E-01           5           0
    1.666666E-01           5           1
   -7.083333E-01           5           2
       -1.583333           5           3
       -2.041667           5           4
       -2.500000           5           5
       -1.875000           5           6
       -1.666667           5           7
       -1.166667           5           8
    9.999999E-01           6           0
   -4.166666E-02           6           1
       -1.083333           6           2
       -1.708333           6           3
       -2.333333           6           4
       -1.791667           6           5
       -1.500000           6           6
       -1.083333           6           7
   -8.333334E-01           6           8
    7.500000E-01           7           0
   -2.500000E-01           7           1
       -1.041667           7           2
       -1.833333           7           3
       -1.458333           7           4
       -1.333333           7           5
   -9.999999E-01           7           6
   -6.666667E-01           7           7
   -4.166667E-01           7           8
    5.000000E-01           8           0
   -2.500001E-01           8           1
   -9.999999E-01           8           2
   -7.916667E-01           8           3
   -8.333333E-01           8           4
   -6.666666E-01           8           5
   -4.999999E-01           8           6
   -3.333334E-01           8           7
   -1.666667E-01           8           8
