        1.000000000000E-02        -2.501955735822E-05
        2.000000000000E-02        -1.000066777304E-04
        3.000000000000E-02        -2.249519998316E-04
        4.000000000000E-02        -3.998053489827E-04
        5.000000000000E-02        -6.244967700928E-04
        6.000000000000E-02        -8.989365547056E-04
        7.000000000000E-02        -1.223015358891E-03
        8.000000000000E-02        -1.596604356798E-03
        9.000000000000E-02        -2.019555423727E-03
        1.000000000000E-01        -2.491701347250E-03
          0.110000000000          -3.012856065783E-03
          0.120000000000          -3.582832172275E-03
          0.130000000000          -4.201360440058E-03
          0.140000000000          -4.868227012270E-03
          0.150000000000          -5.583189701066E-03
          0.160000000000          -6.345921256538E-03
          0.170000000000          -7.156179784219E-03
          0.180000000000          -8.013595144891E-03
          0.190000000000          -8.917891599347E-03
          0.200000000000          -9.868677725959E-03
          0.210000000000          -1.086562456217E-02
          0.220000000000          -1.190834098322E-02
          0.230000000000          -1.299643166803E-02
          0.240000000000          -1.412948707747E-02
          0.250000000000          -1.530708400636E-02
          0.260000000000          -1.652878615300E-02
          0.270000000000          -1.779416336760E-02
          0.280000000000          -1.910270169170E-02
          0.290000000000          -2.045395930719E-02
          0.300000000000          -2.184745439923E-02
          0.310000000000          -2.328267782835E-02
          0.320000000000          -2.475908801262E-02
          0.330000000000          -2.627620399504E-02
          0.340000000000          -2.783347579684E-02
          0.350000000000          -2.943036060024E-02
          0.360000000000          -3.106632253037E-02
          0.370000000000          -3.274075964191E-02
          0.380000000000          -3.445315552677E-02
          0.390000000000          -3.620286981227E-02
          0.400000000000          -3.798937919355E-02
          0.410000000000          -3.981206580752E-02
          0.420000000000          -4.167032969107E-02
          0.430000000000          -4.356356748211E-02
          0.440000000000          -4.549117313586E-02
          0.450000000000          -4.745256094855E-02
          0.460000000000          -4.944705066674E-02
          0.470000000000          -5.147408448408E-02
          0.480000000000          -5.353300877415E-02
          0.490000000000          -5.562319213905E-02
          0.500000000000          -5.774400380789E-02
          0.510000000000          -5.989481433842E-02
          0.520000000000          -6.207499631524E-02
          0.530000000000          -6.428392045472E-02
          0.540000000000          -6.652094377122E-02
          0.550000000000          -6.878542410101E-02
          0.560000000000          -7.107672300732E-02
          0.570000000000          -7.339420644568E-02
          0.580000000000          -7.573724542257E-02
          0.590000000000          -7.810521416119E-02
          0.600000000000          -8.049747344258E-02
          0.610000000000          -8.291338580183E-02
          0.620000000000          -8.535232029072E-02
          0.630000000000          -8.781365309191E-02
          0.640000000000          -9.029676812394E-02
          0.650000000000          -9.280105915224E-02
          0.660000000000          -9.532589755717E-02
          0.670000000000          -9.787066397068E-02
          0.680000000000            -0.100434747956
          0.690000000000            -0.103017548563
          0.700000000000            -0.105618474868
          0.710000000000            -0.108236939473
          0.720000000000            -0.110872343660
          0.730000000000            -0.113524097210
          0.740000000000            -0.116191620838
          0.750000000000            -0.118874346689
          0.760000000000            -0.121571720702
          0.770000000000            -0.124283171705
          0.780000000000            -0.127008134838
          0.790000000000            -0.129746057335
          0.800000000000            -0.132496398962
          0.810000000000            -0.135258632436
          0.820000000000            -0.138032245805
          0.830000000000            -0.140816697701
          0.840000000000            -0.143611465666
          0.850000000000            -0.146416040591
          0.860000000000            -0.149229927088
          0.870000000000            -0.152052654182
          0.880000000000            -0.154883714568
          0.890000000000            -0.157722583612
          0.900000000000            -0.160568889429
          0.910000000000            -0.163422066112
          0.920000000000            -0.166281701125
          0.930000000000            -0.169147363934
          0.940000000000            -0.172018588929
          0.950000000000            -0.174894934339
          0.960000000000            -0.177775972901
          0.970000000000            -0.180661292117
          0.980000000000            -0.183550496118
          0.990000000000            -0.186443164639
           1.00000000000            -0.189338890030
           1.01000000000            -0.192237279214
           1.02000000000            -0.195137953915
           1.03000000000            -0.198040583593
           1.04000000000            -0.200944705024
           1.05000000000            -0.203850048176
           1.06000000000            -0.206756220593
           1.07000000000            -0.209662877200
           1.08000000000            -0.212569712030
           1.09000000000            -0.215476317242
           1.10000000000            -0.218382446513
           1.11000000000            -0.221287747415
           1.12000000000            -0.224191906158
           1.13000000000            -0.227094623460
           1.14000000000            -0.229995634494
           1.15000000000            -0.232894578265
           1.16000000000            -0.235791239794
           1.17000000000            -0.238685314639
           1.18000000000            -0.241576532236
           1.19000000000            -0.244464664114
           1.20000000000            -0.247349369762
           1.21000000000            -0.250230489345
           1.22000000000            -0.253107736722
           1.23000000000            -0.255980867204
           1.24000000000            -0.258849649738
           1.25000000000            -0.261713866995
           1.26000000000            -0.264573332470
           1.27000000000            -0.267427804128
           1.28000000000            -0.270277004303
           1.29000000000            -0.273120839261
           1.30000000000            -0.275959105214
           1.31000000000            -0.278791515990
           1.32000000000            -0.281618000900
           1.33000000000            -0.284438249433
           1.34000000000            -0.287252206214
           1.35000000000            -0.290059649613
           1.36000000000            -0.292860415619
           1.37000000000            -0.295654389284
           1.38000000000            -0.298441310269
           1.39000000000            -0.301221141570
           1.40000000000            -0.303993685921
           1.41000000000            -0.306758794353
           1.42000000000            -0.309516329672
           1.43000000000            -0.312266166484
           1.44000000000            -0.315008191232
           1.45000000000            -0.317742294161
           1.46000000000            -0.320468341042
           1.47000000000            -0.323186206205
           1.48000000000            -0.325895775031
           1.49000000000            -0.328596943976
           1.50000000000            -0.331289620587
           1.51000000000            -0.333973732698
           1.52000000000            -0.336649166403
           1.53000000000            -0.339315750434
           1.54000000000            -0.341973512816
           1.55000000000            -0.344622323205
           1.56000000000            -0.347262137465
           1.57000000000            -0.349892784764
           1.58000000000            -0.352514306838
           1.59000000000            -0.355126507061
           1.60000000000            -0.357729430558
           1.61000000000            -0.360322966365
           1.62000000000            -0.362907051665
           1.63000000000            -0.365481633233
           1.64000000000            -0.368046682210
           1.65000000000            -0.370602075303
           1.66000000000            -0.373147839475
           1.67000000000            -0.375683897277
           1.68000000000            -0.378210194877
           1.69000000000            -0.380726687295
           1.70000000000            -0.383233338403
           1.71000000000            -0.385730120919
           1.72000000000            -0.388217031119
           1.73000000000            -0.390693958284
           1.74000000000            -0.393160946263
           1.75000000000            -0.395617940364
           1.76000000000            -0.398064908735
           1.77000000000            -0.400501827646
           1.78000000000            -0.402928681483
           1.79000000000            -0.405345486117
           1.80000000000            -0.407752133300
           1.81000000000            -0.410148708475
           1.82000000000            -0.412535157625
           1.83000000000            -0.414911457530
           1.84000000000            -0.417277592389
           1.85000000000            -0.419633553811
           1.86000000000            -0.421979340806
           1.87000000000            -0.424314959780
           1.88000000000            -0.426640454109
           1.89000000000            -0.428955707475
           1.90000000000            -0.431260827605
           1.91000000000            -0.433555773324
           1.92000000000            -0.435840539780
           1.93000000000            -0.438115128847
           1.94000000000            -0.440379549116
           1.95000000000            -0.442633815884
           1.96000000000            -0.444877969886
           1.97000000000            -0.447111930503
           1.98000000000            -0.449335803216
           1.99000000000            -0.451549564574
           2.00000000000            -0.453753215954
           2.01000000000            -0.455946764808
           2.02000000000            -0.458130224652
           2.03000000000            -0.460303615061
           2.04000000000            -0.462466961654
           2.05000000000            -0.464620351214
           2.06000000000            -0.466763637911
           2.07000000000            -0.468897013750
           2.08000000000            -0.471020351932
           2.09000000000            -0.473133787431
           2.10000000000            -0.475237298988
           2.11000000000            -0.477330906683
           2.12000000000            -0.479414636024
           2.13000000000            -0.481488565857
           2.14000000000            -0.483552585506
           2.15000000000            -0.485606820292
           2.16000000000            -0.487651314569
           2.17000000000            -0.489686078981
           2.18000000000            -0.491711036776
           2.19000000000            -0.493726358990
           2.20000000000            -0.495732017327
           2.21000000000            -0.497728038724
           2.22000000000            -0.499714454965
           2.23000000000            -0.501691363837
           2.24000000000            -0.503658633877
           2.25000000000            -0.505616407795
           2.26000000000            -0.507564757266
           2.27000000000            -0.509503600583
           2.28000000000            -0.511433071176
           2.29000000000            -0.513353168646
           2.30000000000            -0.515263917645
           2.31000000000            -0.517165347128
           2.32000000000            -0.519057490348
           2.33000000000            -0.520940384844
           2.34000000000            -0.522814072433
           2.35000000000            -0.524678659524
           2.36000000000            -0.526534006675
           2.37000000000            -0.528380355159
           2.38000000000            -0.530217520381
           2.39000000000            -0.532045747494
           2.40000000000            -0.533864987385
           2.41000000000            -0.535675176627
           2.42000000000            -0.537476516011
           2.43000000000            -0.539268974751
           2.44000000000            -0.541052671589
           2.45000000000            -0.542827456114
           2.46000000000            -0.544593472152
           2.47000000000            -0.546350769338
           2.48000000000            -0.548099439401
           2.49000000000            -0.549839372854
           2.50000000000            -0.551570762806
           2.51000000000            -0.553293592796
           2.52000000000            -0.555007768667
           2.53000000000            -0.556713527896
           2.54000000000            -0.558410826518
           2.55000000000            -0.560099699796
           2.56000000000            -0.561780186295
           2.57000000000            -0.563452327875
           2.58000000000            -0.565116260107
           2.59000000000            -0.566771796619
           2.60000000000            -0.568419119220
           2.61000000000            -0.570058352165
           2.62000000000            -0.571689318564
           2.63000000000            -0.573312278497
           2.64000000000            -0.574927076691
           2.65000000000            -0.576533908827
           2.66000000000            -0.578132756278
           2.67000000000            -0.579723650868
           2.68000000000            -0.581306627294
           2.69000000000            -0.582881723121
           2.70000000000            -0.584448978775
           2.71000000000            -0.586008437538
           2.72000000000            -0.587560145541
           2.73000000000            -0.589104211315
           2.74000000000            -0.590640493643
           2.75000000000            -0.592169259139
           2.76000000000            -0.593690279038
           2.77000000000            -0.595203865384
           2.78000000000            -0.596709807712
           2.79000000000            -0.598208356965
           2.80000000000            -0.599699468594
           2.81000000000            -0.601183172852
           2.82000000000            -0.602659502469
           2.83000000000            -0.604128492646
           2.84000000000            -0.605590181048
           2.85000000000            -0.607044607803
           2.86000000000            -0.608491815492
           2.87000000000            -0.609931849147
           2.88000000000            -0.611364756244
           2.89000000000            -0.612790623655
           2.90000000000            -0.614209340632
           2.91000000000            -0.615621126988
           2.92000000000            -0.617025819159
           2.93000000000            -0.618423647666
           2.94000000000            -0.619814582899
           2.95000000000            -0.621198510593
           2.96000000000            -0.622575693577
           2.97000000000            -0.623946077121
           2.98000000000            -0.625309692661
           2.99000000000            -0.626666573739
           3.00000000000            -0.628016756001
 *********************************************
 
 Codes Written By Moraad Biagooi at 1391-07-29
  M.biagooi@gmail.com
