        1.000000000000E-02        -2.491701347250E-05
        2.000000000000E-02        -9.933845185852E-05
        3.000000000000E-02        -2.227759558715E-04
        4.000000000000E-02        -3.947471090384E-04
        5.000000000000E-02        -6.147789414148E-04
        6.000000000000E-02        -8.824045610506E-04
        7.000000000000E-02        -1.197162372522E-03
        8.000000000000E-02        -1.558599929728E-03
        9.000000000000E-02        -1.966270895931E-03
        1.000000000000E-01        -2.419735506799E-03
          0.110000000000          -2.918556140425E-03
          0.120000000000          -3.462311822906E-03
          0.130000000000          -4.050573983515E-03
          0.140000000000          -4.682931712776E-03
          0.150000000000          -5.358975819461E-03
          0.160000000000          -6.078300670968E-03
          0.170000000000          -6.840508627889E-03
          0.180000000000          -7.645208205371E-03
          0.190000000000          -8.492008330736E-03
          0.200000000000          -9.380537743263E-03
          0.210000000000          -1.031040425808E-02
          0.220000000000          -1.128124958702E-02
          0.230000000000          -1.229270832624E-02
          0.240000000000          -1.334440576994E-02
          0.250000000000          -1.443600095197E-02
          0.260000000000          -1.556713004375E-02
          0.270000000000          -1.673745607669E-02
          0.280000000000          -1.794663431342E-02
          0.290000000000          -1.919432861178E-02
          0.300000000000          -2.048019381590E-02
          0.310000000000          -2.180391391378E-02
          0.320000000000          -2.316516239574E-02
          0.330000000000          -2.456361863963E-02
          0.340000000000          -2.599896971343E-02
          0.350000000000          -2.747089248486E-02
          0.360000000000          -2.897909043933E-02
          0.370000000000          -3.052324898274E-02
          0.380000000000          -3.210307838907E-02
          0.390000000000          -3.371828064444E-02
          0.400000000000          -3.536855689406E-02
          0.410000000000          -3.705362558008E-02
          0.420000000000          -3.877319391174E-02
          0.430000000000          -4.052698760011E-02
          0.440000000000          -4.231472177651E-02
          0.450000000000          -4.413612794757E-02
          0.460000000000          -4.599092848296E-02
          0.470000000000          -4.787886309471E-02
          0.480000000000          -4.979965777675E-02
          0.490000000000          -5.175305268516E-02
          0.500000000000          -5.373879530857E-02
          0.510000000000          -5.575663772298E-02
          0.520000000000          -5.780629488416E-02
          0.530000000000          -5.988754989906E-02
          0.540000000000          -6.200015727520E-02
          0.550000000000          -6.414383890548E-02
          0.560000000000          -6.631838912095E-02
          0.570000000000          -6.852356818507E-02
          0.580000000000          -7.075911252739E-02
          0.590000000000          -7.302481853685E-02
          0.600000000000          -7.532045707309E-02
          0.610000000000          -7.764577162932E-02
          0.620000000000          -8.000056800630E-02
          0.630000000000          -8.238461239446E-02
          0.640000000000          -8.479769533585E-02
          0.650000000000          -8.723959341660E-02
          0.660000000000          -8.971008349186E-02
          0.670000000000          -9.220895311828E-02
          0.680000000000          -9.473600073221E-02
          0.690000000000          -9.729103050941E-02
          0.700000000000          -9.987382421393E-02
          0.710000000000            -0.102484178855
          0.720000000000            -0.105121911114
          0.730000000000            -0.107786786218
          0.740000000000            -0.110478643097
          0.750000000000            -0.113197299767
          0.760000000000            -0.115942503072
          0.770000000000            -0.118714104079
          0.780000000000            -0.121511926019
          0.790000000000            -0.124335767616
          0.800000000000            -0.127185443713
          0.810000000000            -0.130060800437
          0.820000000000            -0.132961593754
          0.830000000000            -0.135887713862
          0.840000000000            -0.138838953148
          0.850000000000            -0.141815134379
          0.860000000000            -0.144816087719
          0.870000000000            -0.147841680699
          0.880000000000            -0.150891662317
          0.890000000000            -0.153965947794
          0.900000000000            -0.157064335068
          0.910000000000            -0.160186658549
          0.920000000000            -0.163332759327
          0.930000000000            -0.166502512831
          0.940000000000            -0.169695680849
          0.950000000000            -0.172912187591
          0.960000000000            -0.176151841743
          0.970000000000            -0.179414485470
          0.980000000000            -0.182699966894
          0.990000000000            -0.186008140153
           1.00000000000            -0.189338890030
           1.01000000000            -0.192691991007
           1.02000000000            -0.196067374311
           1.03000000000            -0.199464862238
           1.04000000000            -0.202884306892
           1.05000000000            -0.206325565677
           1.06000000000            -0.209788501349
           1.07000000000            -0.213273020392
           1.08000000000            -0.216778880190
           1.09000000000            -0.220306057008
           1.10000000000            -0.223854313357
           1.11000000000            -0.227423600186
           1.12000000000            -0.231013750197
           1.13000000000            -0.234624631200
           1.14000000000            -0.238256115739
           1.15000000000            -0.241908098263
           1.16000000000            -0.245580388368
           1.17000000000            -0.249272938100
           1.18000000000            -0.252985538654
           1.19000000000            -0.256718138837
           1.20000000000            -0.260470588028
           1.21000000000            -0.264242760281
           1.22000000000            -0.268034533774
           1.23000000000            -0.271845790846
           1.24000000000            -0.275676467278
           1.25000000000            -0.279526319164
           1.26000000000            -0.283395316201
           1.27000000000            -0.287283368012
           1.28000000000            -0.291190335092
           1.29000000000            -0.295116022147
           1.30000000000            -0.299060437487
           1.31000000000            -0.303023419511
           1.32000000000            -0.307004856220
           1.33000000000            -0.311004639231
           1.34000000000            -0.315022663802
           1.35000000000            -0.319058858228
           1.36000000000            -0.323113023807
           1.37000000000            -0.327185175413
           1.38000000000            -0.331275065564
           1.39000000000            -0.335382733461
           1.40000000000            -0.339507959400
           1.41000000000            -0.343650729013
           1.42000000000            -0.347810909418
           1.43000000000            -0.351988397301
           1.44000000000            -0.356183092458
           1.45000000000            -0.360394897812
           1.46000000000            -0.364623719436
           1.47000000000            -0.368869496548
           1.48000000000            -0.373132037635
           1.49000000000            -0.377411381549
           1.50000000000            -0.381707263620
           1.51000000000            -0.386019770385
           1.52000000000            -0.390348638669
           1.53000000000            -0.394693926802
           1.54000000000            -0.399055484160
           1.55000000000            -0.403433214593
           1.56000000000            -0.407827024585
           1.57000000000            -0.412236823266
           1.58000000000            -0.416662522429
           1.59000000000            -0.421104036545
           1.60000000000            -0.425561282778
           1.61000000000            -0.430034180996
           1.62000000000            -0.434522723402
           1.63000000000            -0.439026639087
           1.64000000000            -0.443545972261
           1.65000000000            -0.448080669064
           1.66000000000            -0.452630544373
           1.67000000000            -0.457195606907
           1.68000000000            -0.461775750790
           1.69000000000            -0.466370887812
           1.70000000000            -0.470980845640
           1.71000000000            -0.475605695486
           1.72000000000            -0.480245296177
           1.73000000000            -0.484899568526
           1.74000000000            -0.489568435590
           1.75000000000            -0.494251822685
           1.76000000000            -0.498949710369
           1.77000000000            -0.503661883492
           1.78000000000            -0.508388356279
           1.79000000000            -0.513129135834
           1.80000000000            -0.517883945138
           1.81000000000            -0.522652853554
           1.82000000000            -0.527435810716
           1.83000000000            -0.532232727501
           1.84000000000            -0.537043372435
           1.85000000000            -0.541867904633
           1.86000000000            -0.546706162519
           1.87000000000            -0.551557949511
           1.88000000000            -0.556423398447
           1.89000000000            -0.561302356290
           1.90000000000            -0.566194751673
           1.91000000000            -0.571100515081
           1.92000000000            -0.576019578860
           1.93000000000            -0.580951877220
           1.94000000000            -0.585897346250
           1.95000000000            -0.590855923919
           1.96000000000            -0.595827624404
           1.97000000000            -0.600812188626
           1.98000000000            -0.605809676852
           1.99000000000            -0.610820117335
           2.00000000000            -0.615843210930
           2.01000000000            -0.620879060319
           2.02000000000            -0.625927625014
           2.03000000000            -0.630988828927
           2.04000000000            -0.636062418658
           2.05000000000            -0.641148609985
           2.06000000000            -0.646247118482
           2.07000000000            -0.651358051818
           2.08000000000            -0.656481291970
           2.09000000000            -0.661616773825
           2.10000000000            -0.666764433759
           2.11000000000            -0.671924209644
           2.12000000000            -0.677095923792
           2.13000000000            -0.682279747114
           2.14000000000            -0.687475517979
           2.15000000000            -0.692683282843
           2.16000000000            -0.697902759349
           2.17000000000            -0.703134010788
           2.18000000000            -0.708376985663
           2.19000000000            -0.713631634019
           2.20000000000            -0.718897907443
           2.21000000000            -0.724175809028
           2.22000000000            -0.729465114615
           2.23000000000            -0.734766011938
           2.24000000000            -0.740078136143
           2.25000000000            -0.745401646321
           2.26000000000            -0.750736527746
           2.27000000000            -0.756082566811
           2.28000000000            -0.761439866757
           2.29000000000            -0.766808341239
           2.30000000000            -0.772187752273
           2.31000000000            -0.777578317234
           2.32000000000            -0.782979886168
           2.33000000000            -0.788392260676
           2.34000000000            -0.793815615210
           2.35000000000            -0.799249814323
           2.36000000000            -0.804694804633
           2.37000000000            -0.810150533948
           2.38000000000            -0.815616951271
           2.39000000000            -0.821094006802
           2.40000000000            -0.826581651941
           2.41000000000            -0.832079839296
           2.42000000000            -0.837588522682
           2.43000000000            -0.843107657126
           2.44000000000            -0.848637198873
           2.45000000000            -0.854177105384
           2.46000000000            -0.859727335345
           2.47000000000            -0.865287945650
           2.48000000000            -0.870858632654
           2.49000000000            -0.876439516981
           2.50000000000            -0.882030690811
           2.51000000000            -0.887631763409
           2.52000000000            -0.893242917735
           2.53000000000            -0.898864203316
           2.54000000000            -0.904495297417
           2.55000000000            -0.910136468910
           2.56000000000            -0.915787342230
           2.57000000000            -0.921448209344
           2.58000000000            -0.927118710203
           2.59000000000            -0.932799090813
           2.60000000000            -0.938489215469
           2.61000000000            -0.944188796640
           2.62000000000            -0.949898168737
           2.63000000000            -0.955617144381
           2.64000000000            -0.961345485202
           2.65000000000            -0.967083460313
           2.66000000000            -0.972830907145
           2.67000000000            -0.978587781058
           2.68000000000            -0.984354038330
           2.69000000000            -0.990129636157
           2.70000000000            -0.995914369974
           2.71000000000             -1.00170850799
           2.72000000000             -1.00751187203
           2.73000000000             -1.01332442308
           2.74000000000             -1.01914612307
           2.75000000000             -1.02497693483
           2.76000000000             -1.03081695514
           2.77000000000             -1.03666584759
           2.78000000000             -1.04252373713
           2.79000000000             -1.04839059028
           2.80000000000             -1.05426637451
           2.81000000000             -1.06015105823
           2.82000000000             -1.06604472480
           2.83000000000             -1.07194702869
           2.84000000000             -1.07785813365
           2.85000000000             -1.08377816584
           2.86000000000             -1.08970667586
           2.87000000000             -1.09564389661
           2.88000000000             -1.10158992178
           2.89000000000             -1.10754434799
           2.90000000000             -1.11350756855
           2.91000000000             -1.11947906977
           2.92000000000             -1.12545914594
           2.93000000000             -1.13144777866
           2.94000000000             -1.13744491728
           2.95000000000             -1.14345020427
           2.96000000000             -1.14946407786
           2.97000000000             -1.15548608918
           2.98000000000             -1.16151655661
           2.99000000000             -1.16755533081
           3.00000000000             -1.17360211536
 *********************************************
 
 Codes Written By Moraad Biagooi at 1391-07-29
  M.biagooi@gmail.com
