           1.10000000000              1.00000000000              1.00000000000             0.999972532916
           1.20000000000              1.00000000000              1.00000000000             0.999963288015
           1.30000000000              1.00000000000              1.00000000000             0.999950931608
           1.40000000000              1.00000000000              1.00000000000             0.999934416592
           1.50000000000              1.00000000000              1.00000000000             0.999912343583
           1.60000000000              1.00000000000              1.00000000000             0.999882842465
           1.70000000000              1.00000000000              1.00000000000             0.999843414183
           1.80000000000              1.00000000000              1.00000000000             0.999790719455
           1.90000000000              1.00000000000              1.00000000000             0.999720296701
           2.00000000000              1.00000000000              1.00000000000             0.999626185600
           2.10000000000              1.00000000000              1.00000000000             0.999500424986
           2.20000000000              1.00000000000              1.00000000000             0.999332383578
           2.30000000000              1.00000000000             0.999999999999             0.999107868750
           2.40000000000              1.00000000000             0.999999999998             0.998807941186
           2.50000000000              1.00000000000             0.999999999994             0.998407341054
           2.60000000000              1.00000000000             0.999999999979             0.997872403068
           2.70000000000              1.00000000000             0.999999999934             0.997158302949
           2.80000000000              1.00000000000             0.999999999790             0.996205435867
           2.90000000000              1.00000000000             0.999999999328             0.994934680049
           3.00000000000              1.00000000000             0.999999997856             0.993241249965
           3.10000000000              1.00000000000             0.999999993157             0.990986803658
           3.20000000000              1.00000000000             0.999999978161             0.987989458321
           3.30000000000              1.00000000000             0.999999930299             0.984011425372
           3.40000000000              1.00000000000             0.999999777548             0.978744167563
           3.50000000000              1.00000000000             0.999999290042             0.971791414327
           3.60000000000              1.00000000000             0.999997734160             0.962651209815
           3.70000000000              1.00000000000             0.999992768565             0.950699624902
           3.80000000000              1.00000000000             0.999976921112             0.935181059664
           3.90000000000              1.00000000000             0.999926347040             0.915213275294
           4.00000000000              1.00000000000             0.999764973192             0.889819036918
           4.10000000000              1.00000000000             0.999250293867             0.857999119612
           4.20000000000              1.00000000000             0.997611224152             0.818860405814
           4.30000000000              1.00000000000             0.992415882161             0.771803254155
           4.40000000000              1.00000000000             0.976190876672             0.716750024256
           4.50000000000             0.999999999992             0.927781006535             0.654363001926
           4.60000000000             0.999999104569             0.801006354230             0.586168643571
           4.70000000000             0.910600836062             0.557765744765             0.514502139506
           4.80000000000           9.289263999796E-05           0.283249975744             0.442234255235
           4.90000000000           8.473224490021E-10           0.110180963082             0.372332453367
           5.00000000000           7.728154147079E-15         3.734879018538E-02           0.307390449595
           5.10000000000           7.048599566876E-20         1.201054167889E-02           0.249277035853
           5.20000000000           6.428799802465E-25         3.794564132794E-03           0.198993645770
           5.30000000000           5.863500473825E-30         1.192058813597E-03           0.156735612023
           5.40000000000           5.347909230796E-35         3.738143997383E-04           0.122083707451
           5.50000000000           4.877655125723E-40         1.171575349053E-04         9.423668576760E-02
           5.60000000000           4.448751558551E-45         3.671198533565E-05         7.221899346510E-02
           5.70000000000           4.057562480246E-50         1.150327562252E-05         5.503301015005E-02
           5.80000000000           3.700771568026E-55         3.604355859839E-06         4.175273189289E-02
           5.90000000000           3.375354111092E-60         1.129357508759E-06         3.157011518442E-02
           6.00000000000           3.078551368503E-65         3.538624554720E-07         2.380912332776E-02
           6.10000000000           2.807847181832E-70         1.108759358675E-07         1.792073745524E-02
           6.20000000000           2.560946644315E-75         3.474081783247E-08         1.346855321944E-02
           6.30000000000           2.335756645684E-80         1.088535894762E-08         1.011107092868E-02
           6.40000000000           2.130368127727E-85         3.410715258605E-09         7.584117839451E-03
           6.50000000000           1.943039900163E-90         1.068681204869E-09         5.685072434257E-03
           6.60000000000           1.772183879625E-95         3.348504431502E-10         4.259502623347E-03
           6.70000000000            1.616351626613E-100       1.049188651495E-10         3.190257000451E-03
           6.80000000000           1.474222066283E-0105       3.287428309472E-11         2.388775848146E-03
           6.90000000000           1.344590288978E-0110       1.030051637900E-11         1.788287786622E-03
           7.00000000000           1.226357335548E-0115       3.227466204106E-12         1.338547270245E-03
           7.10000000000           1.118520880881E-0120       1.011263679929E-12         1.001799494780E-03
           7.20000000000           1.020166736646E-0125       3.168597796751E-13         7.497061330034E-04
           7.30000000000           9.304611012165E-0131       9.928184109487E-14         5.610140552063E-04
           7.40000000000           8.486434910862E-0136       3.110803138628E-14         4.197935677011E-04
           7.50000000000           7.740202938321E-0141       9.747095803807E-15         3.141104397581E-04
           7.60000000000           7.059588879863E-0146       3.054062644751E-15         2.350268080725E-04
           7.70000000000           6.438822799585E-0151       9.569310516492E-16         1.758505715424E-04
           7.80000000000           5.872642125481E-0156       2.998357087352E-16         1.315720658186E-04
           7.90000000000           5.356247035746E-0161       9.394768001078E-17         9.844162185385E-05
