  -7.000  0.501  1.000  1.500  2.000  2.500  2.999  3.499  3.999  4.499
  -6.999  0.500  1.000  1.500  2.000  2.500  3.000  3.500  4.000  4.500
  -6.998  0.500  1.000  1.500  2.000  2.500  3.000  3.500  4.000  4.500
  -6.997  0.501  1.000  1.501  2.001  2.501  3.002  3.502  4.002  4.502
  -6.996  0.506  1.003  1.497  1.995  2.494  2.993  3.492  3.992  4.492
  -6.995  0.517  0.989  1.502  2.008  2.511  3.014  3.516  4.017  4.518
  -6.994  0.562  1.045  1.504  1.986  2.473  2.964  3.457  3.951  4.447
  -6.993  0.550  0.945  1.458  1.968  2.477  2.986  3.493  4.000  4.505
  -6.992  0.628  1.151  1.628  2.104  2.580  3.059  3.539  4.022  4.505
  -6.991  0.545  1.012  1.456  1.937  2.426  2.920  3.416  3.914  4.413
  -6.990  0.601  0.957  1.576  2.120  2.645  3.161  3.671  4.177  4.680
  -6.989  0.594  1.124  1.598  2.077  2.557  3.040  3.524  4.010  4.497
  -6.988  0.604  0.809  1.321  1.842  2.365  2.889  3.411  3.931  4.451
  -6.987  0.580  0.990  1.569  2.100  2.618  3.129  3.635  4.138  4.639
  -6.986  0.690  1.078  1.447  1.885  2.344  2.817  3.297  3.784  4.274
  -6.985  0.656  0.791  1.343  1.887  2.425  2.958  3.486  4.011  4.534
  -6.984  0.790  1.440  1.849  2.263  2.686  3.118  3.559  4.007  4.460
  -6.983  0.577  0.816  1.234  1.717  2.217  2.726  3.239  3.755  4.271
  -6.982  0.681  1.458  2.122  2.653  3.145  3.620  4.087  4.548  5.008
  -6.981  0.882  1.225  1.564  1.961  2.385  2.828  3.283  3.748  4.219
  -6.980  1.239  0.649  1.463  2.159  2.799  3.403  3.982  4.543  5.092
  -6.979  0.507  1.334  1.876  2.361  2.833  3.301  3.768  4.235  4.703
  -6.978  0.506  0.638  1.093  1.608  2.137  2.671  3.207  3.742  4.276
  -6.977  0.736  0.924  1.529  2.090  2.632  3.161  3.683  4.199  4.711
  -6.976  0.583  1.039  1.504  1.982  2.466  2.955  3.446  3.939  4.433
  -6.975  0.509  0.917  1.412  1.918  2.426  2.935  3.444  3.952  4.460
  -6.974  0.501  1.012  1.513  2.012  2.511  3.010  3.508  4.007  4.506
  -6.973  0.511  1.004  1.500  1.997  2.495  2.993  3.492  3.991  4.491
  -6.972  0.501  1.000  1.500  2.000  2.500  3.000  3.501  4.001  4.501
