   0.000  1.118  1.539  1.118  0.363  0.000  0.363  1.118  1.539  1.118  0.000 -1.118 -1.539 -1.118 -0.363  0.000 -0.363 -1.118 -1.539 -1.118
  0.000  1.118  1.539  1.118  0.363  0.000  0.363  1.118  1.539  1.118  0.000 -1.118 -1.539 -1.118 -0.363  0.000 -0.363 -1.118 -1.539 -1.118
  0.000  1.118  1.539  1.118  0.363  0.000  0.363  1.118  1.539  1.118
   0.465  0.741  0.962  0.871  0.620  0.491  0.618  0.862  0.929  0.617  0.000 -0.617 -0.929 -0.862 -0.618 -0.490 -0.618 -0.862 -0.929 -0.617
  0.000  0.617  0.929  0.862  0.618  0.490  0.618  0.862  0.929  0.617  0.000 -0.617 -0.929 -0.862 -0.618 -0.490 -0.618 -0.862 -0.929 -0.617
  0.000  0.617  0.929  0.862  0.618  0.490  0.618  0.862  0.929  0.617
   0.343  0.630  0.750  0.756  0.693  0.653  0.681  0.719  0.648  0.394  0.000 -0.394 -0.648 -0.719 -0.680 -0.649 -0.680 -0.719 -0.648 -0.394
  0.000  0.394  0.648  0.719  0.680  0.649  0.680  0.719  0.648  0.394  0.000 -0.394 -0.648 -0.719 -0.680 -0.649 -0.680 -0.719 -0.648 -0.394
  0.000  0.394  0.648  0.719  0.680  0.649  0.680  0.719  0.648  0.394
   0.284  0.506  0.647  0.697  0.698  0.686  0.671  0.627  0.507  0.289  0.000 -0.289 -0.507 -0.625 -0.666 -0.673 -0.666 -0.625 -0.507 -0.289
  0.000  0.289  0.507  0.625  0.666  0.673  0.666  0.625  0.507  0.289  0.000 -0.289 -0.507 -0.625 -0.666 -0.673 -0.666 -0.625 -0.507 -0.289
  0.000  0.289  0.507  0.625  0.666  0.673  0.666  0.625  0.507  0.289
   0.235  0.434  0.571  0.648  0.675  0.670  0.636  0.560  0.428  0.234  0.000 -0.233 -0.426 -0.556 -0.625 -0.646 -0.625 -0.556 -0.426 -0.233
  0.000  0.233  0.426  0.556  0.625  0.646  0.625  0.556  0.426  0.233  0.000 -0.233 -0.426 -0.556 -0.625 -0.646 -0.625 -0.556 -0.426 -0.233
  0.000  0.233  0.426  0.556  0.625  0.646  0.625  0.556  0.426  0.233
   0.204  0.382  0.516  0.600  0.639  0.636  0.594  0.508  0.376  0.201  0.001 -0.199 -0.372 -0.500 -0.575 -0.600 -0.575 -0.500 -0.372 -0.199
  0.000  0.199  0.372  0.500  0.575  0.600  0.575  0.500  0.372  0.199  0.000 -0.199 -0.372 -0.500 -0.575 -0.600 -0.575 -0.500 -0.372 -0.199
  0.000  0.199  0.372  0.500  0.575  0.600  0.575  0.500  0.372  0.199
   0.181  0.343  0.470  0.555  0.597  0.595  0.551  0.465  0.338  0.179  0.001 -0.175 -0.331 -0.451 -0.525 -0.550 -0.525 -0.451 -0.331 -0.176
  0.000  0.176  0.331  0.451  0.525  0.550  0.525  0.451  0.331  0.176  0.000 -0.176 -0.331 -0.451 -0.525 -0.550 -0.525 -0.451 -0.331 -0.176
  0.000  0.176  0.331  0.451  0.525  0.550  0.525  0.451  0.331  0.176
   0.164  0.311  0.431  0.513  0.554  0.553  0.510  0.427  0.308  0.163  0.003 -0.156 -0.298 -0.408 -0.478 -0.502 -0.478 -0.408 -0.298 -0.157
  0.000  0.157  0.298  0.408  0.478  0.502  0.478  0.408  0.298  0.157  0.000 -0.157 -0.298 -0.408 -0.478 -0.502 -0.478 -0.408 -0.298 -0.157
  0.000  0.157  0.298  0.408  0.478  0.502  0.478  0.408  0.298  0.157
   0.149  0.285  0.395  0.473  0.513  0.512  0.471  0.393  0.283  0.149  0.004 -0.140 -0.268 -0.369 -0.434 -0.456 -0.434 -0.370 -0.269 -0.142
  0.000  0.142  0.269  0.370  0.434  0.456  0.434  0.370  0.269  0.142  0.000 -0.142 -0.269 -0.370 -0.434 -0.456 -0.434 -0.370 -0.269 -0.142
  0.000  0.142  0.269  0.370  0.434  0.456  0.434  0.370  0.269  0.142
   0.136  0.261  0.364  0.436  0.474  0.473  0.435  0.363  0.261  0.138  0.006 -0.125 -0.242 -0.334 -0.393 -0.414 -0.394 -0.335 -0.244 -0.128
  0.000  0.128  0.244  0.335  0.394  0.414  0.394  0.335  0.244  0.128  0.000 -0.128 -0.244 -0.335 -0.394 -0.414 -0.394 -0.335 -0.244 -0.128
  0.000  0.128  0.244  0.335  0.394  0.414  0.394  0.335  0.244  0.128
   0.125  0.240  0.335  0.402  0.437  0.437  0.402  0.335  0.241  0.129  0.008 -0.112 -0.218 -0.303 -0.356 -0.375 -0.357 -0.304 -0.221 -0.116
  0.000  0.116  0.221  0.304  0.357  0.375  0.357  0.304  0.221  0.116  0.000 -0.116 -0.221 -0.304 -0.357 -0.375 -0.357 -0.304 -0.221 -0.116
  0.000  0.116  0.221  0.304  0.357  0.375  0.357  0.304  0.221  0.116
   0.115  0.221  0.309  0.371  0.403  0.403  0.371  0.309  0.223  0.120  0.009 -0.100 -0.197 -0.274 -0.323 -0.340 -0.323 -0.275 -0.200 -0.105
  0.000  0.105  0.200  0.275  0.324  0.340  0.324  0.275  0.200  0.105  0.000 -0.105 -0.200 -0.275 -0.324 -0.340 -0.324 -0.275 -0.200 -0.105
  0.000  0.105  0.200  0.275  0.324  0.340  0.324  0.275  0.200  0.105
   0.106  0.204  0.285  0.342  0.372  0.372  0.343  0.286  0.207  0.113  0.011 -0.088 -0.177 -0.247 -0.292 -0.308 -0.293 -0.250 -0.181 -0.095
  0.000  0.095  0.181  0.250  0.294  0.309  0.294  0.250  0.181  0.095  0.000 -0.095 -0.181 -0.250 -0.294 -0.309 -0.294 -0.250 -0.181 -0.095
  0.000  0.095  0.181  0.250  0.294  0.309  0.294  0.250  0.181  0.095
   0.098  0.188  0.262  0.316  0.344  0.344  0.317  0.265  0.192  0.106  0.013 -0.078 -0.159 -0.223 -0.264 -0.279 -0.266 -0.226 -0.164 -0.086
  0.000  0.087  0.165  0.226  0.266  0.280  0.266  0.226  0.164  0.086  0.000 -0.086 -0.164 -0.226 -0.266 -0.280 -0.266 -0.226 -0.164 -0.086
  0.000  0.086  0.164  0.226  0.266  0.280  0.266  0.226  0.164  0.086
   0.090  0.173  0.242  0.291  0.317  0.318  0.293  0.245  0.179  0.100  0.015 -0.069 -0.143 -0.201 -0.239 -0.252 -0.241 -0.205 -0.149 -0.078
  0.000  0.078  0.149  0.205  0.241  0.254  0.241  0.205  0.149  0.078  0.000 -0.078 -0.149 -0.205 -0.241 -0.254 -0.241 -0.205 -0.149 -0.078
  0.000  0.078  0.149  0.205  0.241  0.254  0.241  0.205  0.149  0.078
   0.083  0.160  0.223  0.269  0.293  0.293  0.271  0.227  0.167  0.094  0.016 -0.060 -0.128 -0.181 -0.216 -0.228 -0.218 -0.186 -0.135 -0.071
  0.000  0.071  0.135  0.186  0.219  0.230  0.219  0.186  0.135  0.071  0.000 -0.071 -0.135 -0.186 -0.219 -0.230 -0.219 -0.186 -0.135 -0.071
  0.000  0.071  0.135  0.186  0.219  0.230  0.219  0.186  0.135  0.071
   0.077  0.147  0.206  0.248  0.270  0.271  0.251  0.211  0.155  0.089  0.018 -0.052 -0.114 -0.163 -0.195 -0.206 -0.197 -0.168 -0.122 -0.064
  0.000  0.065  0.123  0.169  0.198  0.209  0.198  0.169  0.123  0.064  0.000 -0.064 -0.123 -0.169 -0.198 -0.209 -0.198 -0.169 -0.123 -0.064
  0.000  0.064  0.123  0.169  0.198  0.209  0.198  0.169  0.123  0.064
   0.071  0.136  0.190  0.229  0.250  0.251  0.232  0.196  0.145  0.084  0.019 -0.045 -0.101 -0.146 -0.176 -0.186 -0.178 -0.152 -0.111 -0.058
  0.000  0.059  0.111  0.153  0.180  0.189  0.180  0.153  0.111  0.058  0.000 -0.058 -0.111 -0.153 -0.180 -0.189 -0.180 -0.153 -0.111 -0.058
  0.000  0.058  0.111  0.153  0.180  0.189  0.180  0.153  0.111  0.058
   0.065  0.125  0.175  0.211  0.231  0.232  0.215  0.182  0.136  0.080  0.021 -0.038 -0.090 -0.131 -0.158 -0.168 -0.161 -0.137 -0.100 -0.053
  0.000  0.053  0.101  0.139  0.163  0.171  0.163  0.139  0.101  0.053  0.000 -0.053 -0.101 -0.139 -0.163 -0.171 -0.163 -0.139 -0.101 -0.053
  0.000  0.053  0.101  0.139  0.163  0.171  0.163  0.139  0.101  0.053
   0.060  0.116  0.162  0.195  0.213  0.215  0.199  0.169  0.127  0.076  0.022 -0.032 -0.080 -0.117 -0.142 -0.152 -0.145 -0.124 -0.090 -0.047
  0.000  0.048  0.091  0.126  0.148  0.155  0.148  0.126  0.091  0.048  0.000 -0.048 -0.091 -0.126 -0.148 -0.155 -0.148 -0.126 -0.091 -0.048
  0.000  0.048  0.091  0.126  0.148  0.155  0.148  0.126  0.091  0.048
   0.056  0.107  0.150  0.181  0.197  0.199  0.185  0.158  0.119  0.072  0.023 -0.026 -0.070 -0.105 -0.128 -0.137 -0.131 -0.112 -0.082 -0.043
  0.000  0.044  0.083  0.114  0.134  0.141  0.134  0.114  0.083  0.044  0.000 -0.044 -0.083 -0.114 -0.134 -0.141 -0.134 -0.114 -0.083 -0.044
  0.000  0.044  0.083  0.114  0.134  0.141  0.134  0.114  0.083  0.044
   0.051  0.099  0.138  0.167  0.183  0.184  0.172  0.147  0.111  0.069  0.023 -0.021 -0.062 -0.093 -0.114 -0.123 -0.118 -0.101 -0.074 -0.039
  0.001  0.040  0.075  0.104  0.122  0.128  0.122  0.103  0.075  0.039  0.000 -0.039 -0.075 -0.103 -0.122 -0.128 -0.122 -0.103 -0.075 -0.039
  0.000  0.039  0.075  0.103  0.122  0.128  0.122  0.103  0.075  0.039
   0.048  0.091  0.128  0.155  0.169  0.171  0.160  0.137  0.105  0.066  0.024 -0.017 -0.054 -0.083 -0.102 -0.110 -0.106 -0.091 -0.066 -0.035
  0.001  0.036  0.068  0.094  0.110  0.116  0.110  0.094  0.068  0.036  0.000 -0.036 -0.068 -0.094 -0.110 -0.116 -0.110 -0.094 -0.068 -0.036
  0.000  0.036  0.068  0.094  0.110  0.116  0.110  0.094  0.068  0.036
   0.044  0.084  0.118  0.143  0.157  0.159  0.149  0.128  0.098  0.063  0.025 -0.013 -0.047 -0.074 -0.091 -0.099 -0.096 -0.082 -0.060 -0.031
  0.001  0.033  0.062  0.085  0.100  0.105  0.100  0.085  0.062  0.032  0.000 -0.032 -0.062 -0.085 -0.100 -0.105 -0.100 -0.085 -0.062 -0.032
  0.000  0.032  0.062  0.085  0.100  0.105  0.100  0.085  0.062  0.032
   0.041  0.078  0.110  0.132  0.145  0.147  0.138  0.119  0.093  0.060  0.025 -0.009 -0.040 -0.065 -0.082 -0.089 -0.086 -0.074 -0.054 -0.028
  0.001  0.030  0.056  0.077  0.091  0.095  0.091  0.077  0.056  0.029  0.000 -0.029 -0.056 -0.077 -0.091 -0.095 -0.091 -0.077 -0.056 -0.029
  0.000  0.029  0.056  0.077  0.091  0.095  0.091  0.077  0.056  0.029
   0.038  0.072  0.101  0.123  0.135  0.137  0.129  0.112  0.087  0.058  0.026 -0.006 -0.034 -0.057 -0.072 -0.079 -0.077 -0.066 -0.048 -0.025
  0.001  0.027  0.051  0.070  0.082  0.086  0.082  0.070  0.051  0.027  0.000 -0.027 -0.051 -0.070 -0.082 -0.086 -0.082 -0.070 -0.051 -0.027
  0.000  0.027  0.051  0.070  0.082  0.086  0.082  0.070  0.051  0.027
   0.035  0.067  0.094  0.114  0.125  0.127  0.120  0.105  0.082  0.055  0.026 -0.003 -0.029 -0.050 -0.064 -0.071 -0.069 -0.059 -0.043 -0.022
  0.001  0.025  0.047  0.064  0.075  0.078  0.075  0.063  0.046  0.024  0.000 -0.024 -0.046 -0.063 -0.074 -0.078 -0.074 -0.063 -0.046 -0.024
  0.000  0.024  0.046  0.063  0.074  0.078  0.074  0.063  0.046  0.024
   0.032  0.062  0.087  0.106  0.116  0.118  0.112  0.098  0.078  0.053  0.026  0.000 -0.024 -0.043 -0.057 -0.063 -0.061 -0.053 -0.039 -0.020
  0.002  0.023  0.042  0.058  0.068  0.071  0.068  0.058  0.042  0.022  0.000 -0.022 -0.042 -0.057 -0.068 -0.071 -0.068 -0.057 -0.042 -0.022
  0.000  0.022  0.042  0.057  0.068  0.071  0.068  0.057  0.042  0.022
   0.030  0.058  0.081  0.098  0.108  0.110  0.105  0.092  0.074  0.051  0.027  0.002 -0.020 -0.038 -0.050 -0.056 -0.055 -0.047 -0.034 -0.017
  0.002  0.021  0.039  0.053  0.062  0.065  0.061  0.052  0.038  0.020  0.000 -0.020 -0.038 -0.052 -0.061 -0.064 -0.061 -0.052 -0.038 -0.020
  0.000  0.020  0.038  0.052  0.061  0.064  0.061  0.052  0.038  0.020
   0.028  0.053  0.075  0.091  0.101  0.103  0.098  0.087  0.070  0.049  0.027  0.005 -0.016 -0.032 -0.044 -0.049 -0.049 -0.042 -0.030 -0.015
  0.002  0.019  0.035  0.048  0.056  0.059  0.056  0.047  0.034  0.018  0.000 -0.018 -0.034 -0.047 -0.056 -0.058 -0.056 -0.047 -0.034 -0.018
  0.000  0.018  0.034  0.047  0.056  0.058  0.056  0.047  0.034  0.018
   0.026  0.050  0.070  0.085  0.094  0.096  0.092  0.081  0.066  0.047  0.027  0.006 -0.012 -0.027 -0.038 -0.043 -0.043 -0.037 -0.027 -0.013
  0.002  0.018  0.032  0.044  0.051  0.053  0.051  0.043  0.031  0.016  0.000 -0.016 -0.031 -0.043 -0.050 -0.053 -0.050 -0.043 -0.031 -0.016
  0.000  0.016  0.031  0.043  0.050  0.053  0.050  0.043  0.031  0.016
   0.024  0.046  0.065  0.079  0.087  0.090  0.086  0.077  0.063  0.046  0.027  0.008 -0.009 -0.023 -0.033 -0.038 -0.038 -0.033 -0.024 -0.012
  0.002  0.017  0.029  0.040  0.046  0.048  0.046  0.039  0.028  0.015  0.000 -0.015 -0.028 -0.039 -0.046 -0.048 -0.046 -0.039 -0.028 -0.015
  0.000  0.015  0.028  0.039  0.046  0.048  0.046  0.039  0.028  0.015
   0.022  0.043  0.060  0.073  0.081  0.084  0.081  0.072  0.060  0.044  0.027  0.010 -0.006 -0.019 -0.028 -0.033 -0.033 -0.029 -0.021 -0.010
  0.003  0.015  0.027  0.036  0.042  0.044  0.042  0.035  0.026  0.014  0.000 -0.013 -0.026 -0.035 -0.041 -0.044 -0.041 -0.035 -0.026 -0.013
  0.000  0.013  0.026  0.035  0.041  0.044  0.041  0.035  0.026  0.013
   0.021  0.040  0.056  0.068  0.076  0.078  0.076  0.068  0.057  0.043  0.027  0.011 -0.003 -0.015 -0.024 -0.029 -0.029 -0.025 -0.018 -0.008
  0.003  0.014  0.025  0.033  0.038  0.040  0.038  0.032  0.023  0.012  0.000 -0.012 -0.023 -0.032 -0.038 -0.039 -0.038 -0.032 -0.023 -0.012
  0.000  0.012  0.023  0.032  0.038  0.039  0.038  0.032  0.023  0.012
   0.019  0.037  0.052  0.064  0.071  0.073  0.071  0.064  0.054  0.041  0.027  0.012 -0.001 -0.012 -0.020 -0.025 -0.025 -0.022 -0.016 -0.007
  0.003  0.013  0.023  0.030  0.035  0.036  0.034  0.029  0.021  0.011  0.000 -0.011 -0.021 -0.029 -0.034 -0.036 -0.034 -0.029 -0.021 -0.011
  0.000  0.011  0.021  0.029  0.034  0.036  0.034  0.029  0.021  0.011
   0.018  0.035  0.049  0.060  0.066  0.069  0.067  0.061  0.052  0.040  0.027  0.013  0.001 -0.009 -0.017 -0.021 -0.022 -0.019 -0.013 -0.006
  0.003  0.012  0.021  0.028  0.032  0.033  0.031  0.027  0.019  0.010  0.000 -0.010 -0.019 -0.026 -0.031 -0.032 -0.031 -0.026 -0.019 -0.010
  0.000  0.010  0.019  0.026  0.031  0.032  0.031  0.026  0.019  0.010
   0.017  0.032  0.046  0.056  0.062  0.065  0.063  0.058  0.049  0.038  0.026  0.014  0.003 -0.007 -0.014 -0.018 -0.018 -0.016 -0.011 -0.004
  0.004  0.012  0.019  0.025  0.029  0.030  0.028  0.024  0.018  0.009  0.000 -0.009 -0.017 -0.024 -0.028 -0.029 -0.028 -0.024 -0.017 -0.009
  0.000  0.009  0.017  0.024  0.028  0.029  0.028  0.024  0.017  0.009
   0.016  0.030  0.043  0.052  0.058  0.061  0.059  0.055  0.047  0.037  0.026  0.015  0.005 -0.004 -0.011 -0.015 -0.015 -0.014 -0.009 -0.003
  0.004  0.011  0.018  0.023  0.026  0.027  0.026  0.022  0.016  0.008  0.000 -0.008 -0.016 -0.022 -0.025 -0.027 -0.025 -0.022 -0.016 -0.008
  0.000  0.008  0.016  0.022  0.025  0.027  0.025  0.022  0.016  0.008
   0.015  0.028  0.040  0.049  0.055  0.057  0.056  0.052  0.045  0.036  0.026  0.016  0.006 -0.002 -0.008 -0.012 -0.013 -0.011 -0.008 -0.002
  0.004  0.011  0.016  0.021  0.024  0.025  0.024  0.020  0.015  0.008  0.000 -0.007 -0.014 -0.020 -0.023 -0.024 -0.023 -0.020 -0.014 -0.007
  0.000  0.007  0.014  0.020  0.023  0.024  0.023  0.020  0.014  0.007
   0.014  0.026  0.037  0.046  0.051  0.054  0.053  0.049  0.043  0.035  0.026  0.016  0.008  0.000 -0.006 -0.009 -0.010 -0.009 -0.006 -0.001
  0.004  0.010  0.015  0.020  0.022  0.023  0.022  0.018  0.013  0.007  0.000 -0.007 -0.013 -0.018 -0.021 -0.022 -0.021 -0.018 -0.013 -0.007
  0.000  0.007  0.013  0.018  0.021  0.022  0.021  0.018  0.013  0.007
   0.013  0.025  0.035  0.043  0.048  0.051  0.050  0.047  0.041  0.034  0.026  0.017  0.009  0.002 -0.004 -0.007 -0.008 -0.007 -0.005 -0.001
  0.004  0.010  0.014  0.018  0.020  0.021  0.020  0.017  0.012  0.006  0.000 -0.006 -0.012 -0.016 -0.019 -0.020 -0.019 -0.016 -0.012 -0.006
  0.000  0.006  0.012  0.016  0.019  0.020  0.019  0.016  0.012  0.006
   0.012  0.023  0.033  0.040  0.046  0.048  0.048  0.045  0.040  0.033  0.025  0.017  0.010  0.003 -0.002 -0.005 -0.006 -0.006 -0.003  0.000
  0.005  0.009  0.013  0.017  0.019  0.019  0.018  0.015  0.011  0.006  0.000 -0.005 -0.010 -0.015 -0.017 -0.018 -0.017 -0.015 -0.011 -0.006
  0.000  0.006  0.011  0.015  0.017  0.018  0.017  0.015  0.011  0.006
   0.011  0.022  0.031  0.038  0.043  0.045  0.045  0.043  0.038  0.032  0.025  0.018  0.011  0.005  0.000 -0.003 -0.004 -0.004 -0.002  0.001
  0.005  0.009  0.013  0.015  0.017  0.018  0.016  0.014  0.010  0.005  0.000 -0.005 -0.009 -0.013 -0.015 -0.016 -0.016 -0.013 -0.010 -0.005
  0.000  0.005  0.010  0.013  0.016  0.016  0.016  0.013  0.010  0.005
   0.011  0.020  0.029  0.036  0.040  0.043  0.043  0.041  0.037  0.031  0.025  0.018  0.012  0.006  0.002 -0.001 -0.003 -0.003 -0.001  0.002
  0.005  0.009  0.012  0.014  0.016  0.016  0.015  0.013  0.009  0.005  0.000 -0.004 -0.009 -0.012 -0.014 -0.015 -0.014 -0.012 -0.009 -0.005
  0.000  0.005  0.009  0.012  0.014  0.015  0.014  0.012  0.009  0.005
   0.010  0.019  0.027  0.034  0.038  0.041  0.041  0.039  0.035  0.030  0.024  0.018  0.012  0.007  0.003  0.000 -0.001 -0.001  0.000  0.002
  0.005  0.008  0.011  0.013  0.015  0.015  0.014  0.012  0.008  0.005  0.000 -0.004 -0.008 -0.011 -0.013 -0.013 -0.013 -0.011 -0.008 -0.004
  0.000  0.004  0.008  0.011  0.013  0.013  0.013  0.011  0.008  0.004
   0.009  0.018  0.026  0.032  0.036  0.038  0.039  0.037  0.034  0.029  0.024  0.018  0.013  0.008  0.004  0.001  0.000  0.000  0.001  0.003
  0.005  0.008  0.011  0.013  0.014  0.014  0.013  0.011  0.008  0.004  0.000 -0.004 -0.007 -0.010 -0.011 -0.012 -0.012 -0.010 -0.007 -0.004
  0.000  0.004  0.007  0.010  0.012  0.012  0.012  0.010  0.007  0.004
   0.009  0.017  0.024  0.030  0.034  0.036  0.037  0.036  0.033  0.029  0.024  0.019  0.014  0.009  0.005  0.003  0.001  0.001  0.002  0.003
  0.006  0.008  0.010  0.012  0.013  0.013  0.012  0.010  0.007  0.004  0.000 -0.003 -0.006 -0.009 -0.010 -0.011 -0.010 -0.009 -0.006 -0.003
  0.000  0.003  0.006  0.009  0.010  0.011  0.010  0.009  0.006  0.003
   0.008  0.016  0.023  0.028  0.032  0.035  0.035  0.034  0.031  0.028  0.023  0.019  0.014  0.010  0.006  0.004  0.002  0.002  0.003  0.004
  0.006  0.008  0.010  0.011  0.012  0.012  0.011  0.009  0.007  0.004  0.000 -0.003 -0.006 -0.008 -0.009 -0.010 -0.009 -0.008 -0.006 -0.003
  0.000  0.003  0.006  0.008  0.010  0.010  0.010  0.008  0.006  0.003
   0.008  0.015  0.022  0.027  0.031  0.033  0.034  0.033  0.030  0.027  0.023  0.019  0.014  0.011  0.007  0.005  0.003  0.003  0.003  0.004
  0.006  0.008  0.009  0.010  0.011  0.011  0.010  0.008  0.006  0.003  0.000 -0.002 -0.005 -0.007 -0.009 -0.009 -0.009 -0.007 -0.005 -0.003
  0.000  0.003  0.005  0.007  0.009  0.009  0.009  0.007  0.005  0.003
   0.007  0.014  0.020  0.026  0.029  0.031  0.032  0.031  0.029  0.026  0.023  0.019  0.015  0.011  0.008  0.006  0.004  0.004  0.004  0.005
  0.006  0.008  0.009  0.010  0.010  0.010  0.009  0.008  0.006  0.003  0.000 -0.002 -0.005 -0.006 -0.008 -0.008 -0.008 -0.007 -0.005 -0.003
  0.000  0.003  0.005  0.007  0.008  0.008  0.008  0.007  0.005  0.003
   0.007  0.014  0.019  0.024  0.028  0.030  0.031  0.030  0.028  0.026  0.022  0.019  0.015  0.012  0.009  0.007  0.005  0.005  0.005  0.005
  0.006  0.007  0.009  0.009  0.010  0.010  0.009  0.007  0.005  0.003  0.001 -0.002 -0.004 -0.006 -0.007 -0.007 -0.007 -0.006 -0.004 -0.002
  0.000  0.002  0.004  0.006  0.007  0.007  0.007  0.006  0.004  0.002
