   0.000  0.965
   0.001  0.963
   0.002  0.962
   0.003  0.961
   0.004  0.960
   0.005  0.959
   0.006  0.958
   0.007  0.957
   0.008  0.957
   0.009  0.956
   0.010  0.955
   0.011  0.954
   0.012  0.953
   0.013  0.952
   0.014  0.951
   0.015  0.951
   0.016  0.950
   0.017  0.949
   0.018  0.948
   0.019  0.948
   0.020  0.947
   0.021  0.946
   0.022  0.946
   0.023  0.945
   0.024  0.945
   0.025  0.944
   0.026  0.944
   0.027  0.943
   0.028  0.943
   0.029  0.943
   0.030  0.942
   0.031  0.942
   0.032  0.942
   0.033  0.941
   0.034  0.941
   0.035  0.941
   0.036  0.941
   0.037  0.941
   0.038  0.941
   0.039  0.941
   0.040  0.941
   0.041  0.941
   0.042  0.941
   0.043  0.941
   0.044  0.941
   0.045  0.941
   0.046  0.941
   0.047  0.941
   0.048  0.941
   0.049  0.942
   0.050  0.942
   0.051  0.942
   0.052  0.942
   0.053  0.943
   0.054  0.943
   0.055  0.943
   0.056  0.944
   0.057  0.944
   0.058  0.944
   0.059  0.945
   0.060  0.945
   0.061  0.946
   0.062  0.946
   0.063  0.946
   0.064  0.947
   0.065  0.947
   0.066  0.948
   0.067  0.948
   0.068  0.949
   0.069  0.949
   0.070  0.949
   0.071  0.950
   0.072  0.950
   0.073  0.951
   0.074  0.951
   0.075  0.951
   0.076  0.952
   0.077  0.952
   0.078  0.953
   0.079  0.953
   0.080  0.953
   0.081  0.954
   0.082  0.954
   0.083  0.954
   0.084  0.954
   0.085  0.955
   0.086  0.955
   0.087  0.955
   0.088  0.955
   0.089  0.955
   0.090  0.955
   0.091  0.956
   0.092  0.956
   0.093  0.956
   0.094  0.956
   0.095  0.956
   0.096  0.956
   0.097  0.955
   0.098  0.955
   0.099  0.955
   0.100  0.955
   0.101  0.955
   0.102  0.954
   0.103  0.954
   0.104  0.954
   0.105  0.953
   0.106  0.953
   0.107  0.953
   0.108  0.952
   0.109  0.952
   0.110  0.951
   0.111  0.950
   0.112  0.950
   0.113  0.949
   0.114  0.948
   0.115  0.948
   0.116  0.947
   0.117  0.946
   0.118  0.945
   0.119  0.944
   0.120  0.943
   0.121  0.942
   0.122  0.941
   0.123  0.940
   0.124  0.939
   0.125  0.938
   0.126  0.937
   0.127  0.936
   0.128  0.935
   0.129  0.934
   0.130  0.933
   0.131  0.931
   0.132  0.930
   0.133  0.929
   0.134  0.928
   0.135  0.926
   0.136  0.925
   0.137  0.924
   0.138  0.922
   0.139  0.921
   0.140  0.920
   0.141  0.918
   0.142  0.917
   0.143  0.916
   0.144  0.914
   0.145  0.913
   0.146  0.912
   0.147  0.910
   0.148  0.909
   0.149  0.907
   0.150  0.906
   0.151  0.905
   0.152  0.903
   0.153  0.902
   0.154  0.901
   0.155  0.899
   0.156  0.898
   0.157  0.897
   0.158  0.896
   0.159  0.894
   0.160  0.893
   0.161  0.892
   0.162  0.891
   0.163  0.890
   0.164  0.888
   0.165  0.887
   0.166  0.886
   0.167  0.885
   0.168  0.884
   0.169  0.883
   0.170  0.883
   0.171  0.882
   0.172  0.881
   0.173  0.880
   0.174  0.879
   0.175  0.879
   0.176  0.878
   0.177  0.877
   0.178  0.877
   0.179  0.876
   0.180  0.876
   0.181  0.875
   0.182  0.875
   0.183  0.875
   0.184  0.875
   0.185  0.874
   0.186  0.874
   0.187  0.874
   0.188  0.874
   0.189  0.874
   0.190  0.874
   0.191  0.874
   0.192  0.874
   0.193  0.875
   0.194  0.875
   0.195  0.875
   0.196  0.875
   0.197  0.876
   0.198  0.876
   0.199  0.877
   0.200  0.878
   0.201  0.878
   0.202  0.879
   0.203  0.880
   0.204  0.880
   0.205  0.881
   0.206  0.882
   0.207  0.883
   0.208  0.884
   0.209  0.885
   0.210  0.886
   0.211  0.887
   0.212  0.888
   0.213  0.890
   0.214  0.891
   0.215  0.892
   0.216  0.893
   0.217  0.895
   0.218  0.896
   0.219  0.898
   0.220  0.899
   0.221  0.901
   0.222  0.902
   0.223  0.904
   0.224  0.905
   0.225  0.907
   0.226  0.908
   0.227  0.910
   0.228  0.912
   0.229  0.913
   0.230  0.915
   0.231  0.917
   0.232  0.918
   0.233  0.920
   0.234  0.922
   0.235  0.923
   0.236  0.925
   0.237  0.927
   0.238  0.928
   0.239  0.930
   0.240  0.932
   0.241  0.934
   0.242  0.935
   0.243  0.937
   0.244  0.939
   0.245  0.940
   0.246  0.942
   0.247  0.943
   0.248  0.945
   0.249  0.947
   0.250  0.948
   0.251  0.950
   0.252  0.951
   0.253  0.953
   0.254  0.954
   0.255  0.955
   0.256  0.957
   0.257  0.958
   0.258  0.959
   0.259  0.960
   0.260  0.962
   0.261  0.963
   0.262  0.964
   0.263  0.965
   0.264  0.966
   0.265  0.967
   0.266  0.968
   0.267  0.969
   0.268  0.969
   0.269  0.970
   0.270  0.971
   0.271  0.971
   0.272  0.972
   0.273  0.973
   0.274  0.973
   0.275  0.973
   0.276  0.974
   0.277  0.974
   0.278  0.974
   0.279  0.974
   0.280  0.975
   0.281  0.975
   0.282  0.975
   0.283  0.975
   0.284  0.974
   0.285  0.974
   0.286  0.974
   0.287  0.974
   0.288  0.973
   0.289  0.973
   0.290  0.973
   0.291  0.972
   0.292  0.971
   0.293  0.971
   0.294  0.970
   0.295  0.969
   0.296  0.969
   0.297  0.968
   0.298  0.967
   0.299  0.966
   0.300  0.965
   0.301  0.964
   0.302  0.963
   0.303  0.961
   0.304  0.960
   0.305  0.959
   0.306  0.958
   0.307  0.956
   0.308  0.955
   0.309  0.954
   0.310  0.952
   0.311  0.951
   0.312  0.949
   0.313  0.948
   0.314  0.946
   0.315  0.945
   0.316  0.943
   0.317  0.941
   0.318  0.940
   0.319  0.938
   0.320  0.936
   0.321  0.935
   0.322  0.933
   0.323  0.931
   0.324  0.929
   0.325  0.928
   0.326  0.926
   0.327  0.924
   0.328  0.922
   0.329  0.920
   0.330  0.919
   0.331  0.917
   0.332  0.915
   0.333  0.913
   0.334  0.912
   0.335  0.910
   0.336  0.908
   0.337  0.906
   0.338  0.905
   0.339  0.903
   0.340  0.901
   0.341  0.900
   0.342  0.898
   0.343  0.896
   0.344  0.895
   0.345  0.893
   0.346  0.892
   0.347  0.890
   0.348  0.889
   0.349  0.887
   0.350  0.886
   0.351  0.885
   0.352  0.883
   0.353  0.882
   0.354  0.881
   0.355  0.880
   0.356  0.879
   0.357  0.877
   0.358  0.876
   0.359  0.875
   0.360  0.874
   0.361  0.874
   0.362  0.873
   0.363  0.872
   0.364  0.871
   0.365  0.870
   0.366  0.870
   0.367  0.869
   0.368  0.868
   0.369  0.868
   0.370  0.868
   0.371  0.867
   0.372  0.867
   0.373  0.866
   0.374  0.866
   0.375  0.866
   0.376  0.866
   0.377  0.866
   0.378  0.866
   0.379  0.866
   0.380  0.866
   0.381  0.866
   0.382  0.866
   0.383  0.866
   0.384  0.866
   0.385  0.867
   0.386  0.867
   0.387  0.868
   0.388  0.868
   0.389  0.868
   0.390  0.869
   0.391  0.870
   0.392  0.870
   0.393  0.871
   0.394  0.872
   0.395  0.872
   0.396  0.873
   0.397  0.874
   0.398  0.875
   0.399  0.876
   0.400  0.877
   0.401  0.878
   0.402  0.879
   0.403  0.880
   0.404  0.881
   0.405  0.882
   0.406  0.883
   0.407  0.884
   0.408  0.885
   0.409  0.886
   0.410  0.887
   0.411  0.889
   0.412  0.890
   0.413  0.891
   0.414  0.892
   0.415  0.894
   0.416  0.895
   0.417  0.896
   0.418  0.897
   0.419  0.899
   0.420  0.900
   0.421  0.901
   0.422  0.903
   0.423  0.904
   0.424  0.905
   0.425  0.906
   0.426  0.908
   0.427  0.909
   0.428  0.910
   0.429  0.912
   0.430  0.913
   0.431  0.914
   0.432  0.915
   0.433  0.917
   0.434  0.918
   0.435  0.919
   0.436  0.920
   0.437  0.921
   0.438  0.923
   0.439  0.924
   0.440  0.925
   0.441  0.926
   0.442  0.927
   0.443  0.928
   0.444  0.929
   0.445  0.930
   0.446  0.931
   0.447  0.932
   0.448  0.933
   0.449  0.934
   0.450  0.935
   0.451  0.936
   0.452  0.936
   0.453  0.937
   0.454  0.938
   0.455  0.939
   0.456  0.939
   0.457  0.940
   0.458  0.941
   0.459  0.941
   0.460  0.942
   0.461  0.942
   0.462  0.943
   0.463  0.944
   0.464  0.944
   0.465  0.944
   0.466  0.945
   0.467  0.945
   0.468  0.946
   0.469  0.946
   0.470  0.946
   0.471  0.947
   0.472  0.947
   0.473  0.947
   0.474  0.947
   0.475  0.948
   0.476  0.948
   0.477  0.948
   0.478  0.948
   0.479  0.948
   0.480  0.948
   0.481  0.948
   0.482  0.948
   0.483  0.948
   0.484  0.948
   0.485  0.948
   0.486  0.948
   0.487  0.948
   0.488  0.948
   0.489  0.948
   0.490  0.948
   0.491  0.948
   0.492  0.948
   0.493  0.948
   0.494  0.948
   0.495  0.947
   0.496  0.947
   0.497  0.947
   0.498  0.947
   0.499  0.947
   0.500  0.947
   0.501  0.947
   0.502  0.946
   0.503  0.946
   0.504  0.946
   0.505  0.946
   0.506  0.946
   0.507  0.946
   0.508  0.946
   0.509  0.946
   0.510  0.945
   0.511  0.945
   0.512  0.945
   0.513  0.945
   0.514  0.945
   0.515  0.945
   0.516  0.945
   0.517  0.945
   0.518  0.945
   0.519  0.945
   0.520  0.945
   0.521  0.945
   0.522  0.945
   0.523  0.945
   0.524  0.945
   0.525  0.945
   0.526  0.945
   0.527  0.945
   0.528  0.945
   0.529  0.945
   0.530  0.946
   0.531  0.946
   0.532  0.946
   0.533  0.946
   0.534  0.946
   0.535  0.947
   0.536  0.947
   0.537  0.947
   0.538  0.947
   0.539  0.948
   0.540  0.948
   0.541  0.948
   0.542  0.949
   0.543  0.949
   0.544  0.949
   0.545  0.950
   0.546  0.950
   0.547  0.951
   0.548  0.951
   0.549  0.951
   0.550  0.952
   0.551  0.952
   0.552  0.953
   0.553  0.953
   0.554  0.954
   0.555  0.954
   0.556  0.955
   0.557  0.955
   0.558  0.956
   0.559  0.956
   0.560  0.957
   0.561  0.957
   0.562  0.958
   0.563  0.959
   0.564  0.959
   0.565  0.960
   0.566  0.960
   0.567  0.961
   0.568  0.961
   0.569  0.962
   0.570  0.962
   0.571  0.963
   0.572  0.963
   0.573  0.964
   0.574  0.964
   0.575  0.965
   0.576  0.965
   0.577  0.966
   0.578  0.966
   0.579  0.967
   0.580  0.967
   0.581  0.967
   0.582  0.968
   0.583  0.968
   0.584  0.969
   0.585  0.969
   0.586  0.969
   0.587  0.969
   0.588  0.970
   0.589  0.970
   0.590  0.970
   0.591  0.970
   0.592  0.971
   0.593  0.971
   0.594  0.971
   0.595  0.971
   0.596  0.971
   0.597  0.971
   0.598  0.971
   0.599  0.971
   0.600  0.971
   0.601  0.971
   0.602  0.971
   0.603  0.971
   0.604  0.970
   0.605  0.970
   0.606  0.970
   0.607  0.970
   0.608  0.969
   0.609  0.969
   0.610  0.969
   0.611  0.968
   0.612  0.968
   0.613  0.967
   0.614  0.967
   0.615  0.966
   0.616  0.966
   0.617  0.965
   0.618  0.965
   0.619  0.964
   0.620  0.963
   0.621  0.963
   0.622  0.962
   0.623  0.961
   0.624  0.960
   0.625  0.959
   0.626  0.959
   0.627  0.958
   0.628  0.957
   0.629  0.956
   0.630  0.955
   0.631  0.954
   0.632  0.953
   0.633  0.952
   0.634  0.951
   0.635  0.950
   0.636  0.949
   0.637  0.948
   0.638  0.947
   0.639  0.945
   0.640  0.944
   0.641  0.943
   0.642  0.942
   0.643  0.941
   0.644  0.939
   0.645  0.938
   0.646  0.937
   0.647  0.936
   0.648  0.934
   0.649  0.933
   0.650  0.932
   0.651  0.931
   0.652  0.929
   0.653  0.928
   0.654  0.927
   0.655  0.926
   0.656  0.924
   0.657  0.923
   0.658  0.922
   0.659  0.921
   0.660  0.919
   0.661  0.918
   0.662  0.917
   0.663  0.916
   0.664  0.914
   0.665  0.913
   0.666  0.912
   0.667  0.911
   0.668  0.910
   0.669  0.909
   0.670  0.907
   0.671  0.906
   0.672  0.905
   0.673  0.904
   0.674  0.903
   0.675  0.902
   0.676  0.901
   0.677  0.900
   0.678  0.899
   0.679  0.898
   0.680  0.897
   0.681  0.897
   0.682  0.896
   0.683  0.895
   0.684  0.894
   0.685  0.893
   0.686  0.893
   0.687  0.892
   0.688  0.891
   0.689  0.890
   0.690  0.890
   0.691  0.889
   0.692  0.889
   0.693  0.888
   0.694  0.888
   0.695  0.887
   0.696  0.887
   0.697  0.886
   0.698  0.886
   0.699  0.886
   0.700  0.885
   0.701  0.885
   0.702  0.885
   0.703  0.885
   0.704  0.884
   0.705  0.884
   0.706  0.884
   0.707  0.884
   0.708  0.884
   0.709  0.884
   0.710  0.884
   0.711  0.884
   0.712  0.884
   0.713  0.884
   0.714  0.884
   0.715  0.884
   0.716  0.884
   0.717  0.884
   0.718  0.884
   0.719  0.885
   0.720  0.885
   0.721  0.885
   0.722  0.885
   0.723  0.886
   0.724  0.886
   0.725  0.886
   0.726  0.886
   0.727  0.887
   0.728  0.887
   0.729  0.887
   0.730  0.888
   0.731  0.888
   0.732  0.888
   0.733  0.889
   0.734  0.889
   0.735  0.890
   0.736  0.890
   0.737  0.890
   0.738  0.891
   0.739  0.891
   0.740  0.891
   0.741  0.892
   0.742  0.892
   0.743  0.893
   0.744  0.893
   0.745  0.893
   0.746  0.894
   0.747  0.894
   0.748  0.894
   0.749  0.895
   0.750  0.895
   0.751  0.895
   0.752  0.896
   0.753  0.896
   0.754  0.896
   0.755  0.896
   0.756  0.897
   0.757  0.897
   0.758  0.897
   0.759  0.897
   0.760  0.897
   0.761  0.898
   0.762  0.898
   0.763  0.898
   0.764  0.898
   0.765  0.898
   0.766  0.898
   0.767  0.898
   0.768  0.898
   0.769  0.898
   0.770  0.898
   0.771  0.898
   0.772  0.898
   0.773  0.898
   0.774  0.897
   0.775  0.897
   0.776  0.897
   0.777  0.897
   0.778  0.897
   0.779  0.896
   0.780  0.896
   0.781  0.896
   0.782  0.895
   0.783  0.895
   0.784  0.895
   0.785  0.894
   0.786  0.894
   0.787  0.893
   0.788  0.893
   0.789  0.893
   0.790  0.892
   0.791  0.891
   0.792  0.891
   0.793  0.890
   0.794  0.890
   0.795  0.889
   0.796  0.889
   0.797  0.888
   0.798  0.887
   0.799  0.887
   0.800  0.886
   0.801  0.885
   0.802  0.885
   0.803  0.884
   0.804  0.883
   0.805  0.883
   0.806  0.882
   0.807  0.881
   0.808  0.881
   0.809  0.880
   0.810  0.879
   0.811  0.878
   0.812  0.878
   0.813  0.877
   0.814  0.876
   0.815  0.876
   0.816  0.875
   0.817  0.874
   0.818  0.873
   0.819  0.873
   0.820  0.872
   0.821  0.871
   0.822  0.871
   0.823  0.870
   0.824  0.870
   0.825  0.869
   0.826  0.868
   0.827  0.868
   0.828  0.867
   0.829  0.867
   0.830  0.866
   0.831  0.866
   0.832  0.865
   0.833  0.865
   0.834  0.865
   0.835  0.864
   0.836  0.864
   0.837  0.863
   0.838  0.863
   0.839  0.863
   0.840  0.863
   0.841  0.862
   0.842  0.862
   0.843  0.862
   0.844  0.862
   0.845  0.862
   0.846  0.862
   0.847  0.862
   0.848  0.862
   0.849  0.862
   0.850  0.862
   0.851  0.862
   0.852  0.863
   0.853  0.863
   0.854  0.863
   0.855  0.863
   0.856  0.864
   0.857  0.864
   0.858  0.864
   0.859  0.865
   0.860  0.865
   0.861  0.866
   0.862  0.867
   0.863  0.867
   0.864  0.868
   0.865  0.868
   0.866  0.869
   0.867  0.870
   0.868  0.871
   0.869  0.872
   0.870  0.872
   0.871  0.873
   0.872  0.874
   0.873  0.875
   0.874  0.876
   0.875  0.877
   0.876  0.878
   0.877  0.879
   0.878  0.880
   0.879  0.882
   0.880  0.883
   0.881  0.884
   0.882  0.885
   0.883  0.886
   0.884  0.888
   0.885  0.889
   0.886  0.890
   0.887  0.892
   0.888  0.893
   0.889  0.894
   0.890  0.896
   0.891  0.897
   0.892  0.899
   0.893  0.900
   0.894  0.902
   0.895  0.903
   0.896  0.905
   0.897  0.906
   0.898  0.908
   0.899  0.909
   0.900  0.911
   0.901  0.912
   0.902  0.914
   0.903  0.915
   0.904  0.917
   0.905  0.918
   0.906  0.920
   0.907  0.921
   0.908  0.923
   0.909  0.924
   0.910  0.926
   0.911  0.927
   0.912  0.929
   0.913  0.930
   0.914  0.932
   0.915  0.933
   0.916  0.934
   0.917  0.936
   0.918  0.937
   0.919  0.939
   0.920  0.940
   0.921  0.941
   0.922  0.943
   0.923  0.944
   0.924  0.945
   0.925  0.946
   0.926  0.948
   0.927  0.949
   0.928  0.950
   0.929  0.951
   0.930  0.952
   0.931  0.953
   0.932  0.954
   0.933  0.955
   0.934  0.956
   0.935  0.957
   0.936  0.958
   0.937  0.959
   0.938  0.960
   0.939  0.961
   0.940  0.962
   0.941  0.962
   0.942  0.963
   0.943  0.964
   0.944  0.965
   0.945  0.965
   0.946  0.966
   0.947  0.966
   0.948  0.967
   0.949  0.967
   0.950  0.968
   0.951  0.968
   0.952  0.969
   0.953  0.969
   0.954  0.969
   0.955  0.970
   0.956  0.970
   0.957  0.970
   0.958  0.970
   0.959  0.971
   0.960  0.971
   0.961  0.971
   0.962  0.971
   0.963  0.971
   0.964  0.971
   0.965  0.971
   0.966  0.971
   0.967  0.971
   0.968  0.971
   0.969  0.971
   0.970  0.971
   0.971  0.970
   0.972  0.970
   0.973  0.970
   0.974  0.970
   0.975  0.970
   0.976  0.969
   0.977  0.969
   0.978  0.969
   0.979  0.969
   0.980  0.968
   0.981  0.968
   0.982  0.968
   0.983  0.967
   0.984  0.967
   0.985  0.966
   0.986  0.966
   0.987  0.966
   0.988  0.965
   0.989  0.965
   0.990  0.964
   0.991  0.964
   0.992  0.964
   0.993  0.963
   0.994  0.963
   0.995  0.962
   0.996  0.962
   0.997  0.961
   0.998  0.961
   0.999  0.960
   1.000  0.960
