          -1.00000000000             0.110106583021             0.650408888889             0.540302305868
         -0.990000000224             0.109179256939             0.657869117334             0.548689860395
         -0.980000000447             0.108226712166             0.665249258561             0.557022546395
         -0.970000000671             0.107249781962             0.672549312569             0.565299530607
         -0.960000000894             0.106249294018             0.679769279358             0.573519985340
         -0.950000001118             0.105226070374             0.686909158929             0.581683088555
         -0.940000001341             0.104180927333             0.693968951281             0.589788023948
         -0.930000001565             0.103114675381             0.700948656414             0.597833981033
         -0.920000001788             0.102028119108             0.707848274329             0.605820155221
         -0.910000002012             0.100922057124             0.714667805025             0.613745747901
         -0.900000002235           9.979728198278E-02           0.721407248503             0.621609966520
         -0.890000002459           9.865458009829E-02           0.728066604761             0.629412024663
         -0.880000002682           9.749473167030E-02           0.734645873802             0.637151142131
         -0.870000002906           9.631851060408E-02           0.741145055623             0.644826545019
         -0.860000003129           9.512668443348E-02           0.747564150226             0.652437465793
         -0.850000003353           9.392001424421E-02           0.753903157610             0.659983143366
         -0.840000003576           9.269925459770E-02           0.760162077776             0.667462823178
         -0.830000003800           9.146515345566E-02           0.766340910723             0.674875757267
         -0.820000004023           9.021845210530E-02           0.772439656451             0.682221204346
         -0.810000004247           8.895988508516E-02           0.778458314961             0.689498429876
         -0.800000004470           8.769018011171E-02           0.784396886252             0.696706706140
         -0.790000004694           8.641005800652E-02           0.790255370324             0.703845312318
         -0.780000004917           8.512023262425E-02           0.796033767178             0.710913534554
         -0.770000005141           8.382141078118E-02           0.801732076813             0.717910666032
         -0.760000005364           8.251429218461E-02           0.807350299230             0.724836007045
         -0.750000005588           8.119956936283E-02           0.812888434428             0.731688865065
         -0.740000005811           7.987792759591E-02           0.818346482407             0.738468554811
         -0.730000006035           7.855004484714E-02           0.823724443167             0.745174398320
         -0.720000006258           7.721659169525E-02           0.829022316709             0.751805725014
         -0.710000006482           7.587823126736E-02           0.834240103033             0.758361871765
         -0.700000006706           7.453561917264E-02           0.839377802137             0.764842182965
         -0.690000006929           7.318940343679E-02           0.844435414023             0.771246010587
         -0.680000007153           7.184022443721E-02           0.849412938691             0.777572714253
         -0.670000007376           7.048871483896E-02           0.854310376139             0.783821661300
         -0.660000007600           6.913549953151E-02           0.859127726369             0.789992226838
         -0.650000007823           6.778119556625E-02           0.863864989381             0.796083793815
         -0.640000008047           6.642641209477E-02           0.868522165174             0.802095753079
         -0.630000008270           6.507175030796E-02           0.873099253748             0.808027503440
         -0.620000008494           6.371780337588E-02           0.877596255103             0.813878451727
         -0.610000008717           6.236515638847E-02           0.882013169240             0.819648012852
         -0.600000008941           6.101438629699E-02           0.886349996158             0.825335609861
         -0.590000009164           5.966606185640E-02           0.890606735858             0.830940674002
         -0.580000009388           5.832074356840E-02           0.894783388339             0.836462644770
         -0.570000009611           5.697898362545E-02           0.898879953601             0.841900969976
         -0.560000009835           5.564132585550E-02           0.902896431645             0.847255105789
         -0.550000010058           5.430830566766E-02           0.906832822470             0.852524516802
         -0.540000010282           5.298044999862E-02           0.910689126076             0.857708676078
         -0.530000010505           5.165827725995E-02           0.914465342464             0.862807065204
         -0.520000010729           5.034229728630E-02           0.918161471633             0.867819174347
         -0.510000010952           4.903301128438E-02           0.921777513583             0.872744502299
         -0.500000011176           4.773091178286E-02           0.925313468315             0.877582556532
         -0.490000011399           4.643648258312E-02           0.928769335828             0.882332853245
         -0.480000011623           4.515019871084E-02           0.932145116123             0.886994917412
         -0.470000011846           4.387252636853E-02           0.935440809199             0.891568282830
         -0.460000012070           4.260392288891E-02           0.938656415056             0.896052492167
         -0.450000012293           4.134483668914E-02           0.941791933695             0.900447097005
         -0.440000012517           4.009570722605E-02           0.944847365115             0.904751657888
         -0.430000012740           3.885696495209E-02           0.947822709316             0.908965744364
         -0.420000012964           3.762903127240E-02           0.950717966298             0.913088935026
         -0.410000013188           3.641231850258E-02           0.953533136063             0.917120817560
         -0.400000013411           3.520722982752E-02           0.956268218608             0.921060988780
         -0.390000013635           3.401415926102E-02           0.958923213935             0.924909054674
         -0.380000013858           3.283349160646E-02           0.961498122043             0.928664630436
         -0.370000014082           3.166560241826E-02           0.963992942932             0.932327340514
         -0.360000014305           3.051085796437E-02           0.966407676603             0.935896818639
         -0.350000014529           2.936961518960E-02           0.968742323055             0.939372707866
         -0.340000014752           2.824222167997E-02           0.970996882289             0.942754660609
         -0.330000014976           2.712901562792E-02           0.973171354304             0.946042338676
         -0.320000015199           2.603032579851E-02           0.975265739100             0.949235413301
         -0.310000015423           2.494647149650E-02           0.977280036677             0.952333565181
         -0.300000015646           2.387776253451E-02           0.979214247036             0.955336484502
         -0.290000015870           2.282449920195E-02           0.981068370177             0.958243870975
         -0.280000016093           2.178697223502E-02           0.982842406098             0.961055433863
         -0.270000016317           2.076546278767E-02           0.984536354801             0.963770892014
         -0.260000016540           1.976024240342E-02           0.986150216286             0.966389973882
         -0.250000016764           1.877157298828E-02           0.987683990551             0.968912417563
         -0.240000016987           1.779970678450E-02           0.989137677599             0.971337970814
         -0.230000017211           1.684488634537E-02           0.990511277427             0.973666391082
         -0.220000017434           1.590734451097E-02           0.991804790037             0.975897445526
         -0.210000017658           1.498730438487E-02           0.993018215428             0.978030911043
         -0.200000017881           1.408497931184E-02           0.994151553601             0.980066574289
         -0.190000018105           1.320057285649E-02           0.995204804554             0.982004231698
         -0.180000018328           1.233427878295E-02           0.996177968290             0.983843689507
         -0.170000018552           1.148628103545E-02           0.997071044806             0.985584763771
         -0.160000018775           1.065675371996E-02           0.997884034104             0.987227280384
         -0.150000018999           9.845861086770E-03           0.998616936184             0.988771075097
         -0.140000019222           9.053757514053E-03           0.999269751044             0.990215993530
         -0.130000019446           8.280587492444E-03           0.999842478686             0.991561891194
         -0.120000019670           7.526485610581E-03            1.00033511911             0.992808633499
         -0.110000019893           6.791576541649E-03            1.00074767231             0.993956095773
         -0.100000020117           6.075975030916E-03            1.00108013830             0.995004163270
       -9.000002034009E-02         5.379785884252E-03            1.00133251707             0.995952731184
       -8.000002056360E-02         4.703103957654E-03            1.00150480862             0.996801704659
       -7.000002078712E-02         4.046014147760E-03            1.00159701295             0.997550998799
       -6.000002101064E-02         3.408591383354E-03            1.00160913006             0.998200538675
       -5.000002123415E-02         2.790900617880E-03            1.00154115995             0.998750259334
       -4.000002145767E-02         2.192996822944E-03            1.00139310263             0.999200105803
       -3.000002168119E-02         1.614924982815E-03            1.00116495808             0.999550033099
       -2.000002190471E-02         1.056720089930E-03            1.00085672632             0.999800006229
       -1.000002212822E-02         5.184071413931E-04            1.00046840734             0.999950000195
       -2.235174179077E-08         1.136474248042E-09            1.00000000114              1.00000000000
        9.999977424741E-03         4.984929248871E-04           0.999451507718             0.999950000642
        1.999997720122E-02         9.770800425855E-04           0.998822927080             0.999800007123
        2.999997697771E-02         1.435775215847E-03           0.998114259224             0.999550034440
        3.999997675419E-02         1.874603441730E-03           0.997325504149             0.999200107591
        4.999997653067E-02         2.293599712627E-03           0.996456661855             0.998750261568
        5.999997630715E-02         2.692809012763E-03           0.995507732343             0.998200541356
        6.999997608364E-02         3.072286313698E-03           0.994478715612             0.997551001926
        7.999997586012E-02         3.432096568833E-03           0.993369611663             0.996801708232
        8.999997563660E-02         3.772314706907E-03           0.992180420495             0.995952735202
        9.999997541308E-02         4.093025624513E-03           0.990911142108             0.995004167733
          0.109999975190           4.394324177603E-03           0.989561776503             0.993956100680
          0.119999974966           4.676315172005E-03           0.988132323679             0.992808638851
          0.129999974743           4.939113352939E-03           0.986622783636             0.991561896989
          0.139999974519           5.182843393549E-03           0.985033156375             0.990215999768
          0.149999974295           5.407639882426E-03           0.983363441895             0.988771081777
          0.159999974072           5.613647310162E-03           0.981613640196             0.987227287506
          0.169999973848           5.801020054889E-03           0.979783751279             0.985584771334
          0.179999973625           5.969922366848E-03           0.977873775143             0.983843697510
          0.189999973401           6.120528351963E-03           0.975883711789             0.982004240141
          0.199999973178           6.253021954430E-03           0.973813561216             0.980066583170
          0.209999972954           6.367596938323E-03           0.971663323424             0.978030920362
          0.219999972731           6.464456868217E-03           0.969432998413             0.975897455282
          0.229999972507           6.543815088832E-03           0.967122586184             0.973666401273
          0.239999972284           6.605894703701E-03           0.964732086737             0.971337981440
          0.249999972060           6.650928552855E-03           0.962261500070             0.968912428623
          0.259999971837           6.679159189545E-03           0.959710826185             0.966389985375
          0.269999971613           6.690838855982E-03           0.957080065082             0.963770903938
          0.279999971390           6.686229458115E-03           0.954369216759             0.961055446217
          0.289999971166           6.665602539441E-03           0.951578281218             0.958243883758
          0.299999970943           6.629239253851E-03           0.948707258459             0.955336497713
          0.309999970719           6.577430337514E-03           0.945756148481             0.952333578818
          0.319999970496           6.510476079803E-03           0.942724951284             0.949235427364
          0.329999970272           6.428686293268E-03           0.939613666868             0.946042353161
          0.339999970049           6.332380282653E-03           0.936422295234             0.942754675517
          0.349999969825           6.221886812970E-03           0.933150836381             0.939372723194
          0.359999969602           6.097544076616E-03           0.929799290310             0.935896834386
          0.369999969378           5.959699659562E-03           0.926367657020             0.932327356679
          0.379999969155           5.808710506585E-03           0.922855936511             0.928664647018
          0.389999968931           5.644942885585E-03           0.919264128784             0.924909071669
          0.399999968708           5.468772350951E-03           0.915592233838             0.921061006189
          0.409999968484           5.280583706004E-03           0.911840251673             0.917120835379
          0.419999968261           5.080770964527E-03           0.908008182290             0.913088953254
          0.429999968037           4.869737311352E-03           0.904096025688             0.908965762999
          0.439999967813           4.647895062052E-03           0.900103781867             0.904751676929
          0.449999967590           4.415665621703E-03           0.896031450828             0.900447116450
          0.459999967366           4.173479442746E-03           0.891879032570             0.896052512013
          0.469999967143           3.921775981944E-03           0.887646527094             0.891568303076
          0.479999966919           3.661003656433E-03           0.883333934399             0.886994938055
          0.489999966696           3.391619798883E-03           0.878941254485             0.882332874284
          0.499999966472           3.114090611766E-03           0.874468487353             0.877582577964
          0.509999966249           2.828891120734E-03           0.869915633002             0.872744524122
          0.519999966025           2.536505127118E-03           0.865282691432             0.867819196559
          0.529999965802           2.237425159548E-03           0.860569662644             0.862807087803
          0.539999965578           1.932152424700E-03           0.855776546637             0.857708699061
          0.549999965355           1.621196757177E-03           0.850903343411             0.852524540168
          0.559999965131           1.305076568525E-03           0.845950052967             0.847255129535
          0.569999964908           9.843187953927E-04           0.840916675304             0.841900994099
          0.579999964684           6.594588468379E-04           0.835803210422             0.836462669269
          0.589999964461           3.310405507874E-04           0.830609658322             0.830940698873
          0.599999964237           3.839003456241E-07           0.825336019003             0.825335635103
          0.609999964014           3.342540048801E-04           0.819982292466             0.819648038461
          0.619999963790           6.700010079167E-04           0.814548478710             0.813878477702
          0.629999963567           1.007047958213E-03           0.809034577735             0.808027529777
          0.639999963343           1.344809765880E-03           0.803440589541             0.802095779776
          0.649999963120           1.682693260885E-03           0.797766514129             0.796083820869
          0.659999962896           2.020097252375E-03           0.792012351499             0.789992254246
          0.669999962673           2.356412588792E-03           0.786178101649             0.783821689061
          0.679999962449           2.691022218786E-03           0.780263764581             0.777572742363
          0.689999962226           3.023301252924E-03           0.774269340295             0.771246039042
          0.699999962002           3.352617026173E-03           0.768194828790             0.764842211763
          0.709999961779           3.678329161171E-03           0.762040230066             0.758361900905
          0.719999961555           3.999789632261E-03           0.755805544123             0.751805754491
          0.729999961331           4.316342830294E-03           0.749490770962             0.745174428132
          0.739999961108           4.627325628191E-03           0.743095910582             0.738468584954
          0.749999960884           4.932067447252E-03           0.736620962984             0.731688895536
          0.759999960661           5.229890324215E-03           0.730065928167             0.724836037842
          0.769999960437           5.520108979052E-03           0.723430806131             0.717910697152
          0.779999960214           5.802030883496E-03           0.716715596877             0.710913565993
          0.789999959990           6.074956330293E-03           0.709920300403             0.703845344073
          0.799999959767           6.338178503173E-03           0.703044916712             0.696706738209
          0.809999959543           6.590983547530E-03           0.696089445802             0.689498462254
          0.819999959320           6.832650641809E-03           0.689053887673             0.682221237031
          0.829999959096           7.062452069583E-03           0.681938242325             0.674875790255
          0.839999958873           7.279653292329E-03           0.674742509759             0.667462856466
          0.849999958649           7.483513022878E-03           0.667466689974             0.659983176951
          0.859999958426           7.673283299546E-03           0.660110782970             0.652437499671
          0.869999958202           7.848209560927E-03           0.652674788748             0.644826579187
          0.879999957979           8.007530721348E-03           0.645158707307             0.637151176586
          0.889999957755           8.150479246979E-03           0.637562538648             0.629412059401
          0.899999957532           8.276281232587E-03           0.629886282770             0.621610001537
          0.909999957308           8.384156478921E-03           0.622129939673             0.613745783194
          0.919999957085           8.473318570736E-03           0.614293509358             0.605820190787
          0.929999956861           8.542974955431E-03           0.606376991824             0.597834016868
          0.939999956638           8.592327022305E-03           0.598380387071             0.589788060049
          0.949999956414           8.620570182416E-03           0.590303695100             0.581683124917
          0.959999956191           8.626893949043E-03           0.582146915910             0.573520021961
          0.969999955967           8.610482018728E-03           0.573910049501             0.565299567482
          0.979999955744           8.570512352911E-03           0.565593095874             0.557022583521
          0.989999955520           8.506157260130E-03           0.557196055028             0.548689897768
          0.999999955297           8.416583478791E-03           0.548718926964             0.540302343485
           1.00999995507           8.300952260493E-03           0.540161711680             0.531860759420
           1.01999995485           8.158419453901E-03           0.531524409179             0.523365989725
           1.02999995463           7.988135589163E-03           0.522807019458             0.514818883869
           1.03999995440           7.789245962855E-03           0.514009542519             0.506220296556
           1.04999995418           7.560890723448E-03           0.505131978361             0.497571087638
           1.05999995396           7.302204957297E-03           0.496174326985             0.488872122028
           1.06999995373           7.012318775130E-03           0.487136588390             0.480124269615
           1.07999995351           6.690357399034E-03           0.478018762576             0.471328405177
           1.08999995328           6.335441249934E-03           0.468820849544             0.462485408294
           1.09999995306           5.946686035550E-03           0.459542849293             0.453596163258
           1.10999995284           5.523202838828E-03           0.450184761824             0.444661558985
           1.11999995261           5.064098206823E-03           0.440746587135             0.435682488929
           1.12999995239           4.568474240055E-03           0.431228325229             0.426659850989
           1.13999995217           4.035428682287E-03           0.421629976103             0.417594547421
           1.14999995194           3.464055010759E-03           0.411951539759             0.408487484748
           1.15999995172           2.853442526831E-03           0.402193016196             0.399339573669
           1.16999995150           2.202676447062E-03           0.392354405415             0.390151728968
           1.17999995127           1.510837994678E-03           0.382435707415             0.380924869420
           1.18999995105           7.770044914550E-04           0.372436922196             0.371659917704
           1.19999995083           2.494499832251E-07           0.362358049759             0.362357800309
           1.20999995060           8.203573336834E-04           0.352199090103             0.353019447436
           1.21999995038           1.685749687008E-03           0.341960043228             0.343645792915
           1.22999995016           2.596864967591E-03           0.331640909135             0.334237774102
           1.23999994993           3.554643969429E-03           0.321241687823             0.324796331792
           1.24999994971           4.560030828846E-03           0.310762379292             0.315322410121
           1.25999994949           5.613972930069E-03           0.300202983543             0.305816956473
           1.26999994926           6.717420810501E-03           0.289563500575             0.296280921386
           1.27999994904           7.871328065661E-03           0.278843930389             0.286715258454
           1.28999994881           9.076651253828E-03           0.268044272984             0.277120924237
           1.29999994859           1.033434980039E-02           0.257164528360             0.267498878160
           1.30999994837           1.164538590188E-02           0.246204696517             0.257850082419
           1.31999994814           1.301072442980E-02           0.235164777456             0.248175501886
           1.32999994792           1.443133283410E-02           0.224044771177             0.238476104011
           1.33999994770           1.590818104643E-02           0.212844677678             0.228752858725
           1.34999994747           1.744224138318E-02           0.201564496961             0.219006738344
           1.35999994725           1.903448844822E-02           0.190204229026             0.209238717474
           1.36999994703           2.068589903546E-02           0.178763873871             0.199449772907
           1.37999994680           2.239745203115E-02           0.167243431498             0.189640883530
           1.38999994658           2.417012831601E-02           0.155642901907             0.179813030223
           1.39999994636           2.600491066714E-02           0.143962285097             0.169967195764
           1.40999994613           2.790278365973E-02           0.132201581068             0.160104364728
           1.41999994591           2.986473356862E-02           0.120360789820             0.150225523389
           1.42999994569           3.189174826968E-02           0.108439911354             0.140331659624
           1.43999994546           3.398481714099E-02         9.643894566956E-02           0.130423762811
           1.44999994524           3.614493096393E-02         8.435789276616E-02           0.120502823730
           1.45999994501           3.837308182409E-02         7.219675264411E-02           0.110569834468
           1.46999994479           4.067026301208E-02         5.995552530343E-02           0.100625788316
           1.47999994457           4.303746892419E-02         4.763421074410E-02         9.067167966829E-02
           1.48999994434           4.547569496294E-02         3.523280896613E-02         8.070850392907E-02
           1.49999994412           4.798593743756E-02         2.275131996952E-02         7.073725740708E-02
           1.50999994390           5.056919346434E-02         1.018974375426E-02         6.075893721861E-02
           1.51999994367           5.322646086695E-02        -2.451919679631E-03         5.077454118732E-02
           1.52999994345           5.595873807661E-02        -1.517367033217E-02         4.078506774445E-02
           1.53999994323           5.876702403232E-02        -2.797550820335E-02         3.079151582897E-02
           1.54999994300           6.165231808088E-02        -4.085743329317E-02         2.079488478771E-02
           1.55999994278           6.461561987703E-02        -5.381944560164E-02         1.079617427539E-02
           1.56999994256           6.765792928343E-02        -6.686154512874E-02         7.963841546915E-04
           1.57999994233           7.078024627073E-02        -7.998373187449E-02        -9.203485603757E-03
           1.58999994211           7.398357081753E-02        -9.318600583888E-02        -1.920243502136E-02
           1.59999994189           7.726890281037E-02          -0.106468367022          -2.919946421154E-02
           1.60999994166           8.063724194382E-02          -0.119830815424          -3.919357347977E-02
           1.61999994144           8.408958762042E-02          -0.133273351044          -4.918376342348E-02
           1.62999994121           8.762693885080E-02          -0.146795973883          -5.916903503206E-02
           1.63999994099           9.125029415376E-02          -0.160398683940          -6.914838978671E-02
           1.64999994077           9.496065145640E-02          -0.174081481217          -7.912082976031E-02
           1.65999994054           9.875900799437E-02          -0.187844365712          -8.908535771722E-02
           1.66999994032             0.102646360212            -0.201687337425          -9.904097721300E-02
           1.67999994010             0.106623703663            -0.215610396357            -0.108986692694
           1.68999993987             0.110692032911            -0.229613542508            -0.118921509597
           1.69999993965             0.114852341429            -0.243696775878            -0.128844434449
           1.70999993943             0.119105621501            -0.257860096466            -0.138754474965
           1.71999993920             0.123452864122            -0.272103504272            -0.148650640150
           1.72999993898             0.127895058902            -0.286426999298            -0.158531940396
           1.73999993876             0.132433193962            -0.300830581542            -0.168397387580
           1.74999993853             0.137068255838            -0.315314251004            -0.178245995167
           1.75999993831             0.141801229383            -0.329878007686            -0.188076778303
           1.76999993809             0.146633097667            -0.344521851586            -0.197888753919
           1.77999993786             0.151564841879            -0.359245782704            -0.207680940826
           1.78999993764             0.156597441229            -0.374049801042            -0.217452359812
           1.79999993742             0.161731872852            -0.388933906597            -0.227202033745
           1.80999993719             0.166969111707            -0.403898099372            -0.236928987665
           1.81999993697             0.172310130481            -0.418942379365            -0.246632248884
           1.82999993674             0.177755899492            -0.434066746577            -0.256310847085
           1.83999993652             0.183307386591            -0.449271201007            -0.265963814416
           1.84999993630             0.188965557067            -0.464555742656            -0.275590185589
           1.85999993607             0.194731373550            -0.479920371524            -0.285188997974
           1.86999993585             0.200605795913            -0.495365087610            -0.294759291698
           1.87999993563             0.206589781176            -0.510889890915            -0.304300109740
           1.88999993540             0.212684283414            -0.526494781439            -0.313810498025
           1.89999993518             0.218890253657            -0.542179759181            -0.323289505524
           1.90999993496             0.225208639799            -0.557944824142            -0.332736184343
           1.91999993473             0.231640386499            -0.573789976322            -0.342149589823
           1.92999993451             0.238186435090            -0.589715215720            -0.351528780630
           1.93999993429             0.244847723483            -0.605720542337            -0.360872818854
           1.94999993406             0.251625186075            -0.621805956173            -0.370180770098
           1.95999993384             0.258519753652            -0.637971457227            -0.379451703575
           1.96999993362             0.265532353300            -0.654217045499            -0.388684692200
           1.97999993339             0.272663908310            -0.670542720991            -0.397878812681
           1.98999993317             0.279915338087            -0.686948483701            -0.407033145614
           1.99999993294             0.287287558056            -0.703434333630            -0.416146775574
