          -1.00000000000             0.991066027465              1.53136833333             0.540302305868
         -0.990000000224             0.977364789724              1.52605465012             0.548689860395
         -0.980000000447             0.963718420509              1.52074096690             0.557022546395
         -0.970000000671             0.950127753082              1.51542728369             0.565299530607
         -0.960000000894             0.936593615135              1.51011360048             0.573519985340
         -0.950000001118             0.923116828706              1.50479991726             0.581683088555
         -0.940000001341             0.909698210098              1.49948623405             0.589788023948
         -0.930000001565             0.896338569798              1.49417255083             0.597833981033
         -0.920000001788             0.883038712396              1.48885886762             0.605820155221
         -0.910000002012             0.869799436502              1.48354518440             0.613745747901
         -0.900000002235             0.856621534668              1.47823150119             0.621609966520
         -0.890000002459             0.843505793310              1.47291781797             0.629412024663
         -0.880000002682             0.830452992627              1.46760413476             0.637151142131
         -0.870000002906             0.817463906525              1.46229045154             0.644826545019
         -0.860000003129             0.804539302537              1.45697676833             0.652437465793
         -0.850000003353             0.791679941749              1.45166308511             0.659983143366
         -0.840000003576             0.778886578722              1.44634940190             0.667462823178
         -0.830000003800             0.766159961418              1.44103571869             0.674875757267
         -0.820000004023             0.753500831125              1.43572203547             0.682221204346
         -0.810000004247             0.740909922381              1.43040835226             0.689498429876
         -0.800000004470             0.728387962902              1.42509466904             0.696706706140
         -0.790000004694             0.715935673510              1.41978098583             0.703845312318
         -0.780000004917             0.703553768059              1.41446730261             0.710913534554
         -0.770000005141             0.691242953366              1.40915361940             0.717910666032
         -0.760000005364             0.679003929139              1.40383993618             0.724836007045
         -0.750000005588             0.666837387904              1.39852625297             0.731688865065
         -0.740000005811             0.654744014944              1.39321256975             0.738468554811
         -0.730000006035             0.642724488220              1.38789888654             0.745174398320
         -0.720000006258             0.630779478311              1.38258520333             0.751805725014
         -0.710000006482             0.618909648346              1.37727152011             0.758361871765
         -0.700000006706             0.607115653932              1.37195783690             0.764842182965
         -0.690000006929             0.595398143095              1.36664415368             0.771246010587
         -0.680000007153             0.583757756214              1.36133047047             0.777572714253
         -0.670000007376             0.572195125952              1.35601678725             0.783821661300
         -0.660000007600             0.560710877200              1.35070310404             0.789992226838
         -0.650000007823             0.549305627009              1.34538942082             0.796083793815
         -0.640000008047             0.537979984530              1.34007573761             0.802095753079
         -0.630000008270             0.526734550955              1.33476205439             0.808027503440
         -0.620000008494             0.515569919453              1.32944837118             0.813878451727
         -0.610000008717             0.504486675114              1.32413468797             0.819648012852
         -0.600000008941             0.493485394889              1.31882100475             0.825335609861
         -0.590000009164             0.482566647535              1.31350732154             0.830940674002
         -0.580000009388             0.471730993551              1.30819363832             0.836462644770
         -0.570000009611             0.460978985131              1.30287995511             0.841900969976
         -0.560000009835             0.450311166103              1.29756627189             0.847255105789
         -0.550000010058             0.439728071876              1.29225258868             0.852524516802
         -0.540000010282             0.429230229386              1.28693890546             0.857708676078
         -0.530000010505             0.418818157045              1.28162522225             0.862807065204
         -0.520000010729             0.408492364688              1.27631153903             0.867819174347
         -0.510000010952             0.398253353521              1.27099785582             0.872744502299
         -0.500000011176             0.388101616073              1.26568417261             0.877582556532
         -0.490000011399             0.378037636145              1.26037048939             0.882332853245
         -0.480000011623             0.368061888764              1.25505680618             0.886994917412
         -0.470000011846             0.358174840131              1.24974312296             0.891568282830
         -0.460000012070             0.348376947580              1.24442943975             0.896052492167
         -0.450000012293             0.338668659527              1.23911575653             0.900447097005
         -0.440000012517             0.329050415429              1.23380207332             0.904751657888
         -0.430000012740             0.319522645739              1.22848839010             0.908965744364
         -0.420000012964             0.310085771863              1.22317470689             0.913088935026
         -0.410000013188             0.300740206114              1.21786102367             0.917120817560
         -0.400000013411             0.291486351679              1.21254734046             0.921060988780
         -0.390000013635             0.282324602571              1.20723365724             0.924909054674
         -0.380000013858             0.273255343594              1.20191997403             0.928664630436
         -0.370000014082             0.264278950302              1.19660629082             0.932327340514
         -0.360000014305             0.255395788963              1.19129260760             0.935896818639
         -0.350000014529             0.246606216521              1.18597892439             0.939372707866
         -0.340000014752             0.237910580563              1.18066524117             0.942754660609
         -0.330000014976             0.229309219282              1.17535155796             0.946042338676
         -0.320000015199             0.220802461442              1.17003787474             0.949235413301
         -0.310000015423             0.212390626348              1.16472419153             0.952333565181
         -0.300000015646             0.204074023812              1.15941050831             0.955336484502
         -0.290000015870             0.195852954125              1.15409682510             0.958243870975
         -0.280000016093             0.187727708021              1.14878314188             0.961055433863
         -0.270000016317             0.179698566657              1.14346945867             0.963770892014
         -0.260000016540             0.171765801573              1.13815577546             0.966389973882
         -0.250000016764             0.163929674678              1.13284209224             0.968912417563
         -0.240000016987             0.156190438212              1.12752840903             0.971337970814
         -0.230000017211             0.148548334730              1.12221472581             0.973666391082
         -0.220000017434             0.141003597071              1.11690104260             0.975897445526
         -0.210000017658             0.133556448340              1.11158735938             0.978030911043
         -0.200000017881             0.126207101880              1.10627367617             0.980066574289
         -0.190000018105             0.118955761256              1.10095999295             0.982004231698
         -0.180000018328             0.111802620232              1.09564630974             0.983843689507
         -0.170000018552             0.104747862754              1.09033262652             0.985584763771
         -0.160000018775           9.779166292567E-02            1.08501894331             0.987227280384
         -0.150000018999           9.093418499859E-02            1.07970526010             0.988771075097
         -0.140000019222           8.417558335062E-02            1.07439157688             0.990215993530
         -0.130000019446           7.751600247241E-02            1.06907789367             0.991561891194
         -0.120000019670           7.095557695258E-02            1.06376421045             0.992808633499
         -0.110000019893           6.449443146433E-02            1.05845052724             0.993956095773
         -0.100000020117           5.813268075292E-02            1.05313684402             0.995004163270
       -9.000002034009E-02         5.187042962422E-02            1.04782316081             0.995952731184
       -8.000002056360E-02         4.570777293423E-02            1.04250947759             0.996801704659
       -7.000002078712E-02         3.964479557958E-02            1.03719579438             0.997550998799
       -6.000002101064E-02         3.368157248907E-02            1.03188211116             0.998200538675
       -5.000002123415E-02         2.781816861612E-02            1.02656842795             0.998750259334
       -4.000002145767E-02         2.205463893236E-02            1.02125474474             0.999200105803
       -3.000002168119E-02         1.639102842205E-02            1.01594106152             0.999550033099
       -2.000002190471E-02         1.082737207762E-02            1.01062737831             0.999800006229
       -1.000002212822E-02         5.363694896184E-03            1.00531369509             0.999950000195
       -2.235174179077E-08         1.187700804373E-08            1.00000001188              1.00000000000
        9.999977424741E-03         5.263671979969E-03           0.994686328662             0.999950000642
        1.999997720122E-02         1.042736167464E-02           0.989372645448             0.999800007123
        2.999997697771E-02         1.549107220623E-02           0.984058962233             0.999550034440
        3.999997675419E-02         2.045482857181E-02           0.978745279019             0.999200107591
        4.999997653067E-02         2.531866576375E-02           0.973431595804             0.998750261568
        5.999997630715E-02         3.008262876629E-02           0.968117912590             0.998200541356
        6.999997608364E-02         3.474677255099E-02           0.962804229375             0.997551001926
        7.999997586012E-02         3.931116207125E-02           0.957490546161             0.996801708232
        8.999997563660E-02         4.377587225580E-02           0.952176862946             0.995952735202
        9.999997541308E-02         4.814098800125E-02           0.946863179731             0.995004167733
          0.109999975190           5.240660416353E-02           0.941549496517             0.993956100680
          0.119999974966           5.657282554849E-02           0.936235813302             0.992808638851
          0.129999974743           6.063976690133E-02           0.930922130088             0.991561896989
          0.139999974519           6.460755289521E-02           0.925608446873             0.990215999768
          0.149999974295           6.847631811872E-02           0.920294763659             0.988771081777
          0.159999974072           7.224620706244E-02           0.914981080444             0.987227287506
          0.169999973848           7.591737410451E-02           0.909667397229             0.985584771334
          0.179999973625           7.948998349517E-02           0.904353714015             0.983843697510
          0.189999973401           8.296420934034E-02           0.899040030800             0.982004240141
          0.199999973178           8.634023558423E-02           0.893726347586             0.980066583170
          0.209999972954           8.961825599089E-02           0.888412664371             0.978030920362
          0.219999972731           9.279847412492E-02           0.883098981157             0.975897455282
          0.229999972507           9.588110333103E-02           0.877785297942             0.973666401273
          0.239999972284           9.886636671274E-02           0.872471614727             0.971337981440
          0.249999972060             0.101754497110             0.867157931513             0.968912428623
          0.259999971837             0.104545737076             0.861844248298             0.966389985375
          0.269999971613             0.107240338854             0.856530565084             0.963770903938
          0.279999971390             0.109838564348             0.851216881869             0.961055446217
          0.289999971166             0.112340685103             0.845903198655             0.958243883758
          0.299999970943             0.114746982273             0.840589515440             0.955336497713
          0.309999970719             0.117057746593             0.835275832226             0.952333578818
          0.319999970496             0.119273278353             0.829962149011             0.949235427364
          0.329999970272             0.121393887365             0.824648465796             0.946042353161
          0.339999970049             0.123419892935             0.819334782582             0.942754675517
          0.349999969825             0.125351623827             0.814021099367             0.939372723194
          0.359999969602             0.127189418234             0.808707416153             0.935896834386
          0.369999969378             0.128933623741             0.803393732938             0.932327356679
          0.379999969155             0.130584597294             0.798080049724             0.928664647018
          0.389999968931             0.132142705160             0.792766366509             0.924909071669
          0.399999968708             0.133608322894             0.787452683294             0.921061006189
          0.409999968484             0.134981835299             0.782139000080             0.917120835379
          0.419999968261             0.136263636389             0.776825316865             0.913088953254
          0.429999968037             0.137454129349             0.771511633651             0.908965762999
          0.439999967813             0.138553726493             0.766197950436             0.904751676929
          0.449999967590             0.139562849228             0.760884267222             0.900447116450
          0.459999967366             0.140481928006             0.755570584007             0.896052512013
          0.469999967143             0.141311402283             0.750256900793             0.891568303076
          0.479999966919             0.142051720477             0.744943217578             0.886994938055
          0.489999966696             0.142703339920             0.739629534363             0.882332874284
          0.499999966472             0.143266726816             0.734315851149             0.877582577964
          0.509999966249             0.143742356188             0.729002167934             0.872744524122
          0.519999966025             0.144130711839             0.723688484720             0.867819196559
          0.529999965802             0.144432286298             0.718374801505             0.862807087803
          0.539999965578             0.144647580771             0.713061118291             0.857708699061
          0.549999965355             0.144777105092             0.707747435076             0.852524540168
          0.559999965131             0.144821377674             0.702433751861             0.847255129535
          0.569999964908             0.144780925452             0.697120068647             0.841900994099
          0.579999964684             0.144656283837             0.691806385432             0.836462669269
          0.589999964461             0.144447996655             0.686492702218             0.830940698873
          0.599999964237             0.144156616100             0.681179019003             0.825335635103
          0.609999964014             0.143782702672             0.675865335789             0.819648038461
          0.619999963790             0.143326825128             0.670551652574             0.813878477702
          0.629999963567             0.142789560417             0.665237969360             0.808027529777
          0.639999963343             0.142171493631             0.659924286145             0.802095779776
          0.649999963120             0.141473217938             0.654610602930             0.796083820869
          0.659999962896             0.140695334531             0.649296919716             0.789992254246
          0.669999962673             0.139838452559             0.643983236501             0.783821689061
          0.679999962449             0.138903189076             0.638669553287             0.777572742363
          0.689999962226             0.137890168970             0.633355870072             0.771246039042
          0.699999962002             0.136800024906             0.628042186858             0.764842211763
          0.709999961779             0.135633397262             0.622728503643             0.758361900905
          0.719999961555             0.134390934062             0.617414820428             0.751805754491
          0.729999961331             0.133073290918             0.612101137214             0.745174428132
          0.739999961108             0.131681130955             0.606787453999             0.738468584954
          0.749999960884             0.130215124752             0.601473770785             0.731688895536
          0.759999960661             0.128675950272             0.596160087570             0.724836037842
          0.769999960437             0.127064292796             0.590846404356             0.717910697152
          0.779999960214             0.125380844852             0.585532721141             0.710913565993
          0.789999959990             0.123626306147             0.580219037927             0.703845344073
          0.799999959767             0.121801383497             0.574905354712             0.696706738209
          0.809999959543             0.119906790757             0.569591671497             0.689498462254
          0.819999959320             0.117943248748             0.564277988283             0.682221237031
          0.829999959096             0.115911485187             0.558964305068             0.674875790255
          0.839999958873             0.113812234613             0.553650621854             0.667462856466
          0.849999958649             0.111646238312             0.548336938639             0.659983176951
          0.859999958426             0.109414244246             0.543023255425             0.652437499671
          0.869999958202             0.107117006977             0.537709572210             0.644826579187
          0.879999957979             0.104755287591             0.532395888995             0.637151176586
          0.889999957755             0.102329853620             0.527082205781             0.629412059401
          0.899999957532           9.984147897092E-02           0.521768522566             0.621610001537
          0.909999957308           9.729094384242E-02           0.516454839352             0.613745783194
          0.919999957085           9.467903464979E-02           0.511141156137             0.605820190787
          0.929999956861           9.200654394564E-02           0.505827472923             0.597834016868
          0.939999956638           8.927427034068E-02           0.500513789708             0.589788060049
          0.949999956414           8.648301842383E-02           0.495200106493             0.581683124917
          0.959999956191           8.363359868182E-02           0.489886423279             0.573520021961
          0.969999955967           8.072682741812E-02           0.484572740064             0.565299567482
          0.979999955744           7.776352667127E-02           0.479259056850             0.557022583521
          0.989999955520           7.474452413275E-02           0.473945373635             0.548689897768
          0.999999955297           7.167065306414E-02           0.468631690421             0.540302343485
           1.00999995507           6.854275221385E-02           0.463318007206             0.531860759420
           1.01999995485           6.536166573321E-02           0.458004323992             0.523365989725
           1.02999995463           6.212824309208E-02           0.452690640777             0.514818883869
           1.03999995440           5.884333899387E-02           0.447376957562             0.506220296556
           1.04999995418           5.550781329012E-02           0.442063274348             0.497571087638
           1.05999995396           5.212253089447E-02           0.436749591133             0.488872122028
           1.06999995373           4.868836169620E-02           0.431435907919             0.480124269615
           1.07999995351           4.520618047321E-02           0.426122224704             0.471328405177
           1.08999995328           4.167686680459E-02           0.420808541490             0.462485408294
           1.09999995306           3.810130498260E-02           0.415494858275             0.453596163258
           1.10999995284           3.448038392432E-02           0.410181175060             0.444661558985
           1.11999995261           3.081499708267E-02           0.404867491846             0.435682488929
           1.12999995239           2.710604235715E-02           0.399553808631             0.426659850989
           1.13999995217           2.335442200398E-02           0.394240125417             0.417594547421
           1.14999995194           1.956104254593E-02           0.388926442202             0.408487484748
           1.15999995172           1.572681468164E-02           0.383612758988             0.399339573669
           1.16999995150           1.185265319455E-02           0.378299075773             0.390151728968
           1.17999995127           7.939476861427E-03           0.372985392559             0.380924869420
           1.18999995105           3.988208360505E-03           0.367671709344             0.371659917704
           1.19999995083           2.258208105510E-07           0.362358026129             0.362357800309
           1.20999995060           4.024895478573E-03           0.357044342915             0.353019447436
           1.21999995038           8.084866785320E-03           0.351730659700             0.343645792915
           1.22999995016           1.217920238345E-02           0.346416976486             0.334237774102
           1.23999994993           1.630696147897E-02           0.341103293271             0.324796331792
           1.24999994971           2.046719993555E-02           0.335789610057             0.315322410121
           1.25999994949           2.465897036897E-02           0.330475926842             0.305816956473
           1.26999994926           2.888132224182E-02           0.325162243627             0.296280921386
           1.27999994904           3.313330195858E-02           0.319848560413             0.286715258454
           1.28999994881           3.741395296098E-02           0.314534877198             0.277120924237
           1.29999994859           4.172231582363E-02           0.309221193984             0.267498878160
           1.30999994837           4.605742834998E-02           0.303907510769             0.257850082419
           1.31999994814           5.041832566856E-02           0.298593827555             0.248175501886
           1.32999994792           5.480404032939E-02           0.293280144340             0.238476104011
           1.33999994770           5.921360240084E-02           0.287966461126             0.228752858725
           1.34999994747           6.364603956650E-02           0.282652777911             0.219006738344
           1.35999994725           6.810037722252E-02           0.277339094696             0.209238717474
           1.36999994703           7.257563857498E-02           0.272025411482             0.199449772907
           1.37999994680           7.707084473764E-02           0.266711728267             0.189640883530
           1.38999994658           8.158501482977E-02           0.261398045053             0.179813030223
           1.39999994636           8.611716607427E-02           0.256084361838             0.169967195764
           1.40999994613           9.066631389595E-02           0.250770678624             0.160104364728
           1.41999994591           9.523147201996E-02           0.245456995409             0.150225523389
           1.42999994569           9.981165257046E-02           0.240143312194             0.140331659624
           1.43999994546             0.104405866169             0.234829628980             0.130423762811
           1.44999994524             0.109013122035             0.229515945765             0.120502823730
           1.45999994501             0.113632428083             0.224202262551             0.110569834468
           1.46999994479             0.118262791021             0.218888579336             0.100625788316
           1.47999994457             0.122903216453             0.213574896122           9.067167966829E-02
           1.48999994434             0.127552708978             0.208261212907           8.070850392907E-02
           1.49999994412             0.132210272285             0.202947529693           7.073725740708E-02
           1.50999994390             0.136874909259             0.197633846478           6.075893721861E-02
           1.51999994367             0.141545622076             0.192320163263           5.077454118732E-02
           1.52999994345             0.146221412304             0.187006480049           4.078506774445E-02
           1.53999994323             0.150901281005             0.181692796834           3.079151582897E-02
           1.54999994300             0.155584228832             0.176379113620           2.079488478771E-02
           1.55999994278             0.160269256130             0.171065430405           1.079617427539E-02
           1.56999994256             0.164955363036             0.165751747191           7.963841546915E-04
           1.57999994233             0.169641549580             0.160438063976          -9.203485603757E-03
           1.58999994211             0.174326815783             0.155124380761          -1.920243502136E-02
           1.59999994189             0.179010161758             0.149810697547          -2.919946421154E-02
           1.60999994166             0.183690587812             0.144497014332          -3.919357347977E-02
           1.61999994144             0.188367094541             0.139183331118          -4.918376342348E-02
           1.62999994121             0.193038682935             0.133869647903          -5.916903503206E-02
           1.63999994099             0.197704354475             0.128555964689          -6.914838978671E-02
           1.64999994077             0.202363111234             0.123242281474          -7.912082976031E-02
           1.65999994054             0.207013955977             0.117928598260          -8.908535771722E-02
           1.66999994032             0.211655892258             0.112614915045          -9.904097721300E-02
           1.67999994010             0.216287924524             0.107301231830            -0.108986692694
           1.68999993987             0.220909058213             0.101987548616            -0.118921509597
           1.69999993965             0.225518299850           9.667386540125E-02          -0.128844434449
           1.70999993943             0.230114657152           9.136018218669E-02          -0.138754474965
           1.71999993920             0.234697139122           8.604649897213E-02          -0.148650640150
           1.72999993898             0.239264756153           8.073281575756E-02          -0.158531940396
           1.73999993876             0.243816520123           7.541913254300E-02          -0.168397387580
           1.74999993853             0.248351444495           7.010544932844E-02          -0.178245995167
           1.75999993831             0.252868544417           6.479176611387E-02          -0.188076778303
           1.76999993809             0.257366836818           5.947808289931E-02          -0.197888753919
           1.77999993786             0.261845340511           5.416439968475E-02          -0.207680940826
           1.78999993764             0.266303076282           4.885071647019E-02          -0.217452359812
           1.79999993742             0.270739067001           4.353703325562E-02          -0.227202033745
           1.80999993719             0.275152337706           3.822335004106E-02          -0.236928987665
           1.81999993697             0.279541915711           3.290966682650E-02          -0.246632248884
           1.82999993674             0.283906830697           2.759598361193E-02          -0.256310847085
           1.83999993652             0.288246114814           2.228230039737E-02          -0.265963814416
           1.84999993630             0.292558802772           1.696861718281E-02          -0.275590185589
           1.85999993607             0.296843931942           1.165493396824E-02          -0.285188997974
           1.86999993585             0.301100542452           6.341250753679E-03          -0.294759291698
           1.87999993563             0.305327677279           1.027567539116E-03          -0.304300109740
           1.88999993540             0.309524382350          -4.286115675448E-03          -0.313810498025
           1.89999993518             0.313689706634          -9.599798890011E-03          -0.323289505524
           1.90999993496             0.317822702239          -1.491348210457E-02          -0.332736184343
           1.91999993473             0.321922424504          -2.022716531914E-02          -0.342149589823
           1.92999993451             0.325987932096          -2.554084853370E-02          -0.351528780630
           1.93999993429             0.330018287106          -3.085453174826E-02          -0.360872818854
           1.94999993406             0.334012555135          -3.616821496283E-02          -0.370180770098
           1.95999993384             0.337969805398          -4.148189817739E-02          -0.379451703575
           1.96999993362             0.341889110808          -4.679558139195E-02          -0.388684692200
           1.97999993339             0.345769548075          -5.210926460652E-02          -0.397878812681
           1.98999993317             0.349610197793          -5.742294782108E-02          -0.407033145614
           1.99999993294             0.353410144538          -6.273663103564E-02          -0.416146775574
