          -1.00000000000             0.211589180868             0.328713125000             0.540302305868
         -0.990000000224             0.205852072115             0.342837788280             0.548689860395
         -0.980000000447             0.200227907015             0.356794639380             0.557022546395
         -0.970000000671             0.194715298870             0.370584231737             0.565299530607
         -0.960000000894             0.189312866551             0.384207118789             0.573519985340
         -0.950000001118             0.184019234581             0.397663853974             0.581683088555
         -0.940000001341             0.178833033219             0.410954990729             0.589788023948
         -0.930000001565             0.173752898543             0.424081082490             0.597833981033
         -0.920000001788             0.168777472524             0.437042682697             0.605820155221
         -0.910000002012             0.163905403115             0.449840344786             0.613745747901
         -0.900000002235             0.159135344326             0.462474622194             0.621609966520
         -0.890000002459             0.154465956303             0.474946068360             0.629412024663
         -0.880000002682             0.149895905411             0.487255236720             0.637151142131
         -0.870000002906             0.145423864307             0.499402680712             0.644826545019
         -0.860000003129             0.141048512018             0.511388953774             0.652437465793
         -0.850000003353             0.136768534023             0.523214609343             0.659983143366
         -0.840000003576             0.132582622322             0.534880200857             0.667462823178
         -0.830000003800             0.128489475515             0.546386281752             0.674875757267
         -0.820000004023             0.124487798879             0.557733405467             0.682221204346
         -0.810000004247             0.120576304438             0.568922125438             0.689498429876
         -0.800000004470             0.116753711036             0.579952995104             0.696706706140
         -0.790000004694             0.113018744416             0.590826567902             0.703845312318
         -0.780000004917             0.109370137285             0.601543397269             0.710913534554
         -0.770000005141             0.105806629390             0.612104036642             0.717910666032
         -0.760000005364             0.102326967585             0.622509039460             0.724836007045
         -0.750000005588           9.892990590548E-02           0.632758959159             0.731688865065
         -0.740000005811           9.561420563309E-02           0.642854349178             0.738468554811
         -0.730000006035           9.237863536734E-02           0.652795762953             0.745174398320
         -0.720000006258           8.922197109205E-02           0.662583753922             0.751805725014
         -0.710000006482           8.614299624263E-02           0.672218875523             0.758361871765
         -0.700000006706           8.314050177245E-02           0.681701681192             0.764842182965
         -0.690000006929           8.021328621833E-02           0.691032724368             0.771246010587
         -0.680000007153           7.736015576543E-02           0.700212558488             0.777572714253
         -0.670000007376           7.457992431122E-02           0.709241736989             0.783821661300
         -0.660000007600           7.187141352877E-02           0.718120813309             0.789992226838
         -0.650000007823           6.923345292922E-02           0.726850340885             0.796083793815
         -0.640000008047           6.666487992352E-02           0.735430873155             0.802095753079
         -0.630000008270           6.416453988332E-02           0.743862963557             0.808027503440
         -0.620000008494           6.173128620109E-02           0.752147165526             0.813878451727
         -0.610000008717           5.936398034944E-02           0.760284032502             0.819648012852
         -0.600000008941           5.706149193962E-02           0.768274117922             0.825335609861
         -0.590000009164           5.482269877925E-02           0.776117975222             0.830940674002
         -0.580000009388           5.264648692913E-02           0.783816157841             0.836462644770
         -0.570000009611           5.053175075935E-02           0.791369219216             0.841900969976
         -0.560000009835           4.847739300450E-02           0.798777712785             0.847255105789
         -0.550000010058           4.648232481800E-02           0.806042191984             0.852524516802
         -0.540000010282           4.454546582571E-02           0.813163210252             0.857708676078
         -0.530000010505           4.266574417858E-02           0.820141321025             0.862807065204
         -0.520000010729           4.084209660451E-02           0.826977077742             0.867819174347
         -0.510000010952           3.907346845932E-02           0.833671033840             0.872744502299
         -0.500000011176           3.735881377687E-02           0.840223742756             0.877582556532
         -0.490000011399           3.569709531835E-02           0.846635757927             0.882332853245
         -0.480000011623           3.408728462058E-02           0.852907632791             0.886994917412
         -0.470000011846           3.252836204360E-02           0.859039920787             0.891568282830
         -0.460000012070           3.101931681724E-02           0.865033175350             0.896052492167
         -0.450000012293           2.955914708685E-02           0.870887949919             0.900447097005
         -0.440000012517           2.814685995816E-02           0.876604797930             0.904751657888
         -0.430000012740           2.678147154125E-02           0.882184272822             0.908965744364
         -0.420000012964           2.546200699351E-02           0.887626928033             0.913088935026
         -0.410000013188           2.418750056189E-02           0.892933316998             0.917120817560
         -0.400000013411           2.295699562404E-02           0.898103993156             0.921060988780
         -0.390000013635           2.176954472868E-02           0.903139509945             0.924909054674
         -0.380000013858           2.062420963497E-02           0.908040420801             0.928664630436
         -0.370000014082           1.952006135104E-02           0.912807279163             0.932327340514
         -0.360000014305           1.845618017146E-02           0.917440638467             0.935896818639
         -0.350000014529           1.743165571397E-02           0.921941052152             0.939372707866
         -0.340000014752           1.644558695508E-02           0.926309073654             0.942754660609
         -0.330000014976           1.549708226490E-02           0.930545256411             0.946042338676
         -0.320000015199           1.458525944090E-02           0.934650153860             0.949235413301
         -0.310000015423           1.370924574084E-02           0.938624319440             0.952333565181
         -0.300000015646           1.286817791467E-02           0.942468306587             0.955336484502
         -0.290000015870           1.206120223549E-02           0.946182668739             0.958243870975
         -0.280000016093           1.128747452965E-02           0.949767959334             0.961055433863
         -0.270000016317           1.054616020573E-02           0.953224731808             0.963770892014
         -0.260000016540           9.836434282747E-03           0.956553539600             0.966389973882
         -0.250000016764           9.157481417236E-03           0.959754936146             0.968912417563
         -0.240000016987           8.508495929481E-03           0.962829474885             0.971337970814
         -0.230000017211           7.888681828727E-03           0.965777709253             0.973666391082
         -0.220000017434           7.297252837433E-03           0.968600192688             0.975897445526
         -0.210000017658           6.733432414562E-03           0.971297478629             0.978030911043
         -0.200000017881           6.196453777889E-03           0.973870120511             0.980066574289
         -0.190000018105           5.685559925328E-03           0.976318671773             0.982004231698
         -0.180000018328           5.200003655302E-03           0.978643685851             0.983843689507
         -0.170000018552           4.739047586106E-03           0.980845716185             0.985584763771
         -0.160000018775           4.301964174311E-03           0.982925316210             0.987227280384
         -0.150000018999           3.888035732168E-03           0.984883039365             0.988771075097
         -0.140000019222           3.496554444036E-03           0.986719439086             0.990215993530
         -0.130000019446           3.126822381820E-03           0.988435068812             0.991561891194
         -0.120000019670           2.778151519419E-03           0.990030481980             0.992808633499
         -0.110000019893           2.449863746182E-03           0.991506232027             0.993956095773
         -0.100000020117           2.141290879382E-03           0.992862872390             0.995004163270
       -9.000002034009E-02         1.851774675683E-03           0.994100956508             0.995952731184
       -8.000002056360E-02         1.580666841627E-03           0.995221037818             0.996801704659
       -7.000002078712E-02         1.327329043114E-03           0.996223669756             0.997550998799
       -6.000002101064E-02         1.091132913894E-03           0.997109405761             0.998200538675
       -5.000002123415E-02         8.714600630625E-04           0.997878799271             0.998750259334
       -4.000002145767E-02         6.677020815499E-04           0.998532403721             0.999200105803
       -3.000002168119E-02         4.792605476245E-04           0.999070772551             0.999550033099
       -2.000002190471E-02         3.055470313856E-04           0.999494459197             0.999800006229
       -1.000002212822E-02         1.459830982676E-04           0.999804017097             0.999950000195
       -2.235174179077E-08         3.115366853379E-10           0.999999999688              1.00000000000
        9.999977424741E-03         1.329597662089E-04            1.00008296041             0.999950000642
        1.999997720122E-02         2.534455725381E-04            1.00005345270             0.999800007123
        2.999997697771E-02         3.619955456877E-04           0.999912029985             0.999550034440
        3.999997675419E-02         4.591381260612E-04           0.999659245717             0.999200107591
        4.999997653067E-02         5.453917587305E-04           0.999295653327             0.998750261568
        5.999997630715E-02         6.212648969323E-04           0.998821806253             0.998200541356
        6.999997608364E-02         6.872560065695E-04           0.998238257933             0.997551001926
        7.999997586012E-02         7.438535717058E-04           0.997545561803             0.996801708232
        8.999997563660E-02         7.915361010623E-04           0.996744271303             0.995952735202
        9.999997541308E-02         8.307721355109E-04           0.995834939868             0.995004167733
          0.109999975190           8.620202565610E-04           0.994818120937             0.993956100680
          0.119999974966           8.857290958498E-04           0.993694367947             0.992808638851
          0.129999974743           9.023373456177E-04           0.992464234335             0.991561896989
          0.139999974519           9.122737701863E-04           0.991128273539             0.990215999768
          0.149999974295           9.159572184236E-04           0.989687038996             0.988771081777
          0.159999974072           9.137966372043E-04           0.988141084144             0.987227287506
          0.169999973848           9.061910858573E-04           0.986490962420             0.985584771334
          0.179999973625           8.935297516048E-04           0.984737227262             0.983843697510
          0.189999973401           8.761919659853E-04           0.982880432107             0.982004240141
          0.199999973178           8.545472222665E-04           0.980921130392             0.980066583170
          0.209999972954           8.289551938372E-04           0.978859875556             0.978030920362
          0.219999972731           7.997657535851E-04           0.976697221035             0.975897455282
          0.229999972507           7.673189942524E-04           0.974433720267             0.973666401273
          0.239999972284           7.319452497706E-04           0.972069926690             0.971337981440
          0.249999972060           6.939651175698E-04           0.969606393741             0.968912428623
          0.259999971837           6.536894818633E-04           0.967043674857             0.966389985375
          0.269999971613           6.114195379027E-04           0.964382323475             0.963770903938
          0.279999971390           5.674468172009E-04           0.961622893035             0.961055446217
          0.289999971166           5.220532137242E-04           0.958765936971             0.958243883758
          0.299999970943           4.755110110448E-04           0.955812008724             0.955336497713
          0.309999970719           4.280829104575E-04           0.952761661729             0.952333578818
          0.319999970496           3.800220600508E-04           0.949615449424             0.949235427364
          0.329999970272           3.315720847383E-04           0.946373925246             0.946042353161
          0.339999970049           2.829671172376E-04           0.943037642634             0.942754675517
          0.349999969825           2.344318300016E-04           0.939607155024             0.939372723194
          0.359999969602           1.861814680943E-04           0.936083015855             0.935896834386
          0.369999969378           1.384218830101E-04           0.932465778562             0.932327356679
          0.379999969155           9.134956743140E-05           0.928755996585             0.928664647018
          0.389999968931           4.515169092378E-05           0.924954223360             0.924909071669
          0.399999968708           6.136561481185E-09           0.921061012325             0.921061006189
          0.409999968484           4.391846151641E-05           0.917076916918             0.917120835379
          0.419999968261           8.646267962720E-05           0.913002490575             0.913088953254
          0.429999968037           1.274762651424E-04           0.908838286734             0.908965762999
          0.439999967813           1.668180961703E-04           0.904584858833             0.904751676929
          0.449999967590           2.043561403243E-04           0.900242760310             0.900447116450
          0.459999967366           2.399674125833E-04           0.895812544601             0.896052512013
          0.469999967143           2.735379322460E-04           0.891294765144             0.891568303076
          0.479999966919           3.049626789871E-04           0.886689975376             0.886994938055
          0.489999966696           3.341455480130E-04           0.881998728736             0.882332874284
          0.499999966472           3.609993043331E-04           0.877221578660             0.877582577964
          0.509999966249           3.854455361360E-04           0.872359078586             0.872744524122
          0.519999966025           4.074146072902E-04           0.867411781952             0.867819196559
          0.529999965802           4.268456089624E-04           0.862380242194             0.862807087803
          0.539999965578           4.436863103663E-04           0.857265012751             0.857708699061
          0.549999965355           4.578931086415E-04           0.852066647059             0.852524540168
          0.559999965131           4.694309778714E-04           0.846785698557             0.847255129535
          0.569999964908           4.782734172415E-04           0.841422720682             0.841900994099
          0.579999964684           4.844023983472E-04           0.835978266871             0.836462669269
          0.589999964461           4.878083116518E-04           0.830452890561             0.830940698873
          0.599999964237           4.884899121061E-04           0.824847145191             0.825335635103
          0.609999964014           4.864542639285E-04           0.819161584197             0.819648038461
          0.619999963790           4.817166845545E-04           0.813396761017             0.813878477702
          0.629999963567           4.743006877642E-04           0.807553229089             0.808027529777
          0.639999963343           4.642379259845E-04           0.801631541850             0.802095779776
          0.649999963120           4.515681317836E-04           0.795632252737             0.796083820869
          0.659999962896           4.363390585523E-04           0.789555915188             0.789992254246
          0.669999962673           4.186064203864E-04           0.783403082640             0.783821689061
          0.679999962449           3.984338311721E-04           0.777174308532             0.777572742363
          0.689999962226           3.758927428805E-04           0.770870146299             0.771246039042
          0.699999962002           3.510623830806E-04           0.764491149380             0.764842211763
          0.709999961779           3.240296916719E-04           0.758037871213             0.758361900905
          0.719999961555           2.948892568484E-04           0.751510865234             0.751805754491
          0.729999961331           2.637432502960E-04           0.744910684881             0.745174428132
          0.739999961108           2.307013616319E-04           0.738237883592             0.738468584954
          0.749999960884           1.958807320926E-04           0.731493014804             0.731688895536
          0.759999960661           1.594058874770E-04           0.724676631955             0.724836037842
          0.769999960437           1.214086703507E-04           0.717789288482             0.717910697152
          0.779999960214           8.202817151715E-05           0.710831537822             0.710913565993
          0.789999959990           4.141066076768E-05           0.703803933412             0.703845344073
          0.799999959767           2.904830905814E-07           0.696707028692             0.696706738209
          0.809999959543           4.291484291497E-05           0.689541377097             0.689498462254
          0.819999959320           8.629503461166E-05           0.682307532065             0.682221237031
          0.829999959096           1.302567792184E-04           0.675006047035             0.674875790255
          0.839999958873           1.746189756743E-04           0.667637475442             0.667462856466
          0.849999958649           2.191937742740E-04           0.660202370725             0.659983176951
          0.859999958426           2.637866507954E-04           0.652701286322             0.652437499671
          0.869999958202           3.081964812953E-04           0.645134775669             0.644826579187
          0.879999957979           3.522156175643E-04           0.637503392204             0.637151176586
          0.889999957755           3.956299632358E-04           0.629807689364             0.629412059401
          0.899999957532           4.382190505381E-04           0.622048220588             0.621610001537
          0.909999957308           4.797561176840E-04           0.614225539312             0.613745783194
          0.919999957085           5.200081868911E-04           0.606340198974             0.605820190787
          0.929999956861           5.587361430216E-04           0.598392753011             0.597834016868
          0.939999956638           5.956948128371E-04           0.590383754862             0.589788060049
          0.949999956414           6.306330448596E-04           0.582313757962             0.581683124917
          0.959999956191           6.632937898291E-04           0.574183315751             0.573520021961
          0.969999955967           6.934141817518E-04           0.565992981664             0.565299567482
          0.979999955744           7.207256195302E-04           0.557743309141             0.557022583521
          0.989999955520           7.449538491653E-04           0.549434851617             0.548689897768
          0.999999955297           7.658190465257E-04           0.541068162531             0.540302343485
           1.00999995507           7.830359006733E-04           0.532643795321             0.531860759420
           1.01999995485           7.963136977366E-04           0.524162303423             0.523365989725
           1.02999995463           8.053564053261E-04           0.515624240274             0.514818883869
           1.03999995440           8.098627574799E-04           0.507030159314             0.506220296556
           1.04999995418           8.095263401334E-04           0.498380613978             0.497571087638
           1.05999995396           8.040356771040E-04           0.489676157705             0.488872122028
           1.06999995373           7.930743165817E-04           0.480917343932             0.480124269615
           1.07999995351           7.763209181169E-04           0.472104726096             0.471328405177
           1.08999995328           7.534493400981E-04           0.463238857634             0.462485408294
           1.09999995306           7.241287277082E-04           0.454320291985             0.453596163258
           1.10999995284           6.880236013542E-04           0.445349582586             0.444661558985
           1.11999995261           6.447939455571E-04           0.436327282874             0.435682488929
           1.12999995239           5.940952982965E-04           0.427253946287             0.426659850989
           1.13999995217           5.355788408008E-04           0.418130126262             0.417594547421
           1.14999995194           4.688914877710E-04           0.408956376236             0.408487484748
           1.15999995172           3.936759780324E-04           0.399733249647             0.399339573669
           1.16999995150           3.095709656043E-04           0.390461299933             0.390151728968
           1.17999995127           2.162111111770E-04           0.381141080531             0.380924869420
           1.18999995105           1.132271739890E-04           0.371773144878             0.371659917704
           1.19999995083           2.461040936041E-07           0.362358046413             0.362357800309
           1.20999995060           1.231088649923E-04           0.352896338571             0.353019447436
           1.21999995038           2.572181232697E-04           0.343388574792             0.343645792915
           1.22999995016           4.024655908744E-04           0.333835308511             0.334237774102
           1.23999994993           5.592386243427E-04           0.324237093168             0.324796331792
           1.24999994971           7.279279225327E-04           0.314594482199             0.315322410121
           1.25999994949           9.089274322114E-04           0.304908029041             0.305816956473
           1.26999994926           1.102634253317E-03           0.295178287132             0.296280921386
           1.27999994904           1.309448543906E-03           0.285405809910             0.286715258454
           1.28999994881           1.529773424795E-03           0.275591150813             0.277120924237
           1.29999994859           1.764014883904E-03           0.265734863276             0.267498878160
           1.30999994837           2.012581680317E-03           0.255837500739             0.257850082419
           1.31999994814           2.275885248061E-03           0.245899616638             0.248175501886
           1.32999994792           2.554339599621E-03           0.235921764411             0.238476104011
           1.33999994770           2.848361229196E-03           0.225904497495             0.228752858725
           1.34999994747           3.158369015705E-03           0.215848369329             0.219006738344
           1.35999994725           3.484784125558E-03           0.205753933348             0.209238717474
           1.36999994703           3.828029915196E-03           0.195621742992             0.199449772907
           1.37999994680           4.188531833411E-03           0.185452351696             0.189640883530
           1.38999994658           4.566717323460E-03           0.175246312899             0.179813030223
           1.39999994636           4.963015724978E-03           0.165004180039             0.169967195764
           1.40999994613           5.377858175698E-03           0.154726506552             0.160104364728
           1.41999994591           5.811677512997E-03           0.144413845876             0.150225523389
           1.42999994569           6.264908175272E-03           0.134066751449             0.140331659624
           1.43999994546           6.737986103145E-03           0.123685776707             0.130423762811
           1.44999994524           7.231348640535E-03           0.113271475090             0.120502823730
           1.45999994501           7.745434435574E-03           0.102824400033             0.110569834468
           1.46999994479           8.280683341406E-03         9.234510497411E-02           0.100625788316
           1.47999994457           8.837536316849E-03         8.183414335145E-02         9.067167966829E-02
           1.48999994434           9.416435326969E-03         7.129206860211E-02         8.070850392907E-02
           1.49999994412           1.001782324353E-02         6.071943416355E-02         7.073725740708E-02
           1.50999994390           1.064214374536E-02         5.011679347325E-02         6.075893721861E-02
           1.51999994367           1.128984121866E-02         3.948469996865E-02         5.077454118732E-02
           1.52999994345           1.196136065721E-02         2.882370708724E-02         4.078506774445E-02
           1.53999994323           1.265714756251E-02         1.813436826646E-02         3.079151582897E-02
           1.54999994300           1.337764784393E-02         7.417236943776E-03         2.079488478771E-02
           1.55999994278           1.412330771873E-02        -3.327133443342E-03         1.079617427539E-02
           1.56999994256           1.489457361212E-02        -1.409818945743E-02         7.963841546915E-04
           1.57999994233           1.569189205728E-02        -2.489537766103E-02        -9.203485603757E-03
           1.58999994211           1.651570959533E-02        -3.571814461668E-02        -1.920243502136E-02
           1.59999994189           1.736647267538E-02        -4.656593688692E-02        -2.919946421154E-02
           1.60999994166           1.824462755451E-02        -5.743820103428E-02        -3.919357347977E-02
           1.61999994144           1.915062019781E-02        -6.833438362130E-02        -4.918376342348E-02
           1.62999994121           2.008489617845E-02        -7.925393121051E-02        -5.916903503206E-02
           1.63999994099           2.104790057775E-02        -9.019629036446E-02        -6.914838978671E-02
           1.64999994077           2.204007788536E-02          -0.101160907646          -7.912082976031E-02
           1.65999994054           2.306187189948E-02          -0.112147229617          -8.908535771722E-02
           1.66999994032           2.411372562707E-02          -0.123154702840          -9.904097721300E-02
           1.67999994010           2.519608118429E-02          -0.134182773878            -0.108986692694
           1.68999993987           2.630937969689E-02          -0.145230889294            -0.118921509597
           1.69999993965           2.745406120077E-02          -0.156298495650            -0.128844434449
           1.70999993943           2.863056454265E-02          -0.167385039508            -0.138754474965
           1.71999993920           2.983932728080E-02          -0.178489967431            -0.148650640150
           1.72999993898           3.108078558600E-02          -0.189612725982            -0.158531940396
           1.73999993876           3.235537414253E-02          -0.200752761722            -0.168397387580
           1.74999993853           3.366352604936E-02          -0.211909521216            -0.178245995167
           1.75999993831           3.500567272156E-02          -0.223082451025            -0.188076778303
           1.76999993809           3.638224379174E-02          -0.234270997711            -0.197888753919
           1.77999993786           3.779366701177E-02          -0.245474607838            -0.207680940826
           1.78999993764           3.924036815468E-02          -0.256692727967            -0.217452359812
           1.79999993742           4.072277091671E-02          -0.267924804662            -0.227202033745
           1.80999993719           4.224129681964E-02          -0.279170284484            -0.236928987665
           1.81999993697           4.379636511323E-02          -0.290428613997            -0.246632248884
           1.82999993674           4.538839267802E-02          -0.301699239763            -0.256310847085
           1.83999993652           4.701779392826E-02          -0.312981608345            -0.265963814416
           1.84999993630           4.868498071512E-02          -0.324275166304            -0.275590185589
           1.85999993607           5.039036223021E-02          -0.335579360204            -0.285188997974
           1.86999993585           5.213434490925E-02          -0.346893636607            -0.294759291698
           1.87999993563           5.391733233613E-02          -0.358217442076            -0.304300109740
           1.88999993540           5.573972514721E-02          -0.369550223173            -0.313810498025
           1.89999993518           5.760192093588E-02          -0.380891426460            -0.323289505524
           1.90999993496           5.950431415748E-02          -0.392240498501            -0.332736184343
           1.91999993473           6.144729603452E-02          -0.403596885857            -0.342149589823
           1.92999993451           6.343125446220E-02          -0.414960035092            -0.351528780630
           1.93999993429           6.545657391429E-02          -0.426329392768            -0.360872818854
           1.94999993406           6.752363534930E-02          -0.437704405447            -0.370180770098
           1.95999993384           6.963281611710E-02          -0.449084519692            -0.379451703575
           1.96999993362           7.178448986582E-02          -0.460469182066            -0.388684692200
           1.97999993339           7.397902644911E-02          -0.471857839130            -0.397878812681
           1.98999993317           7.621679183385E-02          -0.483249937448            -0.407033145614
           1.99999993294           7.849814800822E-02          -0.494644923582            -0.416146775574
